0.000000000000000000e+00 2.620281881600000133e+02 6.836268980000000965e+02
1.002000000000000113e-02 2.551919087200000433e+02 6.836268980000000965e+02
1.998000000000000470e-02 2.483556292800000165e+02 6.836268980000000965e+02
3.000000000000000583e-02 2.415193916800000125e+02 6.836268980000000965e+02
4.002000000000000002e-02 2.346831122400000424e+02 6.836268980000000965e+02
4.998000000000000359e-02 2.278468328000000156e+02 6.836268980000000965e+02
6.000000000000001166e-02 2.210105533599999887e+02 6.836268980000000965e+02
7.001999999999999891e-02 2.141743157600000131e+02 6.836268980000000965e+02
7.998000000000000942e-02 2.073380363200000147e+02 6.836268980000000965e+02
8.999999999999999667e-02 2.005017568800000163e+02 6.836268980000000965e+02
1.000199999999999978e-01 1.936654774400000179e+02 6.836268980000000965e+02
1.099799999999999944e-01 1.868292398400000138e+02 6.836268980000000965e+02
1.200000000000000233e-01 1.799929604000000154e+02 6.836268980000000965e+02
1.300199999999999967e-01 1.731566809600000170e+02 6.836268980000000965e+02
1.399799999999999933e-01 1.663204015200000185e+02 6.836268980000000965e+02
1.500000000000000222e-01 1.594841639200000429e+02 6.836268980000000965e+02
1.600200000000000233e-01 1.526478844799999877e+02 6.836268980000000965e+02
1.699800000000000200e-01 1.458116050400000177e+02 6.836268980000000965e+02
1.799999999999999933e-01 1.389753255999999908e+02 6.836268980000000965e+02
1.900199999999999945e-01 1.321390880000000152e+02 6.836268980000000965e+02
1.999800000000000189e-01 1.253028085600000168e+02 6.836268980000000965e+02
2.099999999999999645e-01 1.184665291200000041e+02 6.836268980000000965e+02
2.200200000000000211e-01 1.116302496800000199e+02 6.836268980000000965e+02
2.299799999999999900e-01 1.047940120800000017e+02 6.836268980000000965e+02
2.400000000000000466e-01 9.795773264000000324e+01 6.836268980000000965e+02
2.500200000000000200e-01 9.112145320000001902e+01 6.836268980000000965e+02
2.599800000000000444e-01 8.428517376000002059e+01 6.836268980000000965e+02
2.700000000000000178e-01 7.744893616000001657e+01 6.836268980000000965e+02
2.800200000000000466e-01 7.061265672000000393e+01 6.836268980000000965e+02
2.899800000000000155e-01 6.377637728000001260e+01 6.836268980000000965e+02
3.000000000000000444e-01 5.694009784000000707e+01 6.836268980000000965e+02
3.100200000000000178e-01 5.010386024000000305e+01 6.836268980000000965e+02
3.199799999999999867e-01 4.326758080000000461e+01 6.836268980000000965e+02
3.300000000000000711e-01 3.643130136000000618e+01 6.836268980000000965e+02
3.400199999999999889e-01 2.959506376000000571e+01 6.836268980000000965e+02
3.499800000000000688e-01 2.275878432000000018e+01 6.836268980000000965e+02
3.599999999999999867e-01 1.592250488000000175e+01 6.836268980000000965e+02
3.700200000000000156e-01 9.086225440000001541e+00 4.832685268000000178e+02
3.799799999999999844e-01 6.257130160000000885e+00 2.639051724000000263e+02
3.900000000000000688e-01 3.808151279999999694e+00 2.285640401333333784e+02
4.000199999999999867e-01 1.685859120000000155e+00 1.925538862666666944e+02
4.099800000000000111e-01 -4.292784000000000183e-02 1.522450210666667090e+02
4.199999999999999289e-01 -1.359046880000000179e+00 1.167150509333333588e+02
4.300200000000000689e-01 -2.377223280000000383e+00 8.987343573333333779e+01
4.399800000000000377e-01 -3.156493280000000290e+00 7.052508560000001125e+01
4.500000000000000111e-01 -3.787733359999999827e+00 5.750998653333334687e+01
4.600200000000000400e-01 -4.306716720000000720e+00 4.538329013333333961e+01
4.699800000000000089e-01 -4.695410320000000581e+00 3.434011026666667021e+01
4.800000000000000933e-01 -4.993520320000000012e+00 2.568062493333334118e+01
4.900200000000000111e-01 -5.209038160000000417e+00 2.021806426666667278e+01
4.999800000000000910e-01 -5.397862080000000340e+00 1.634444733333333488e+01
5.100000000000000089e-01 -5.535892239999999909e+00 9.650884133333335058e+00
5.200200000000000378e-01 -5.590911840000001298e+00 3.534991866666667537e+00
5.299800000000000066e-01 -5.606601840000000614e+00 -1.174588266666666936e+00
5.400000000000000355e-01 -5.567397760000000417e+00 -4.395640666666666974e+00
5.500199999999999534e-01 -5.518696000000000268e+00 -5.108036400000001365e+00
5.599800000000000333e-01 -5.465224480000000717e+00 -8.333621466666667033e+00
5.699999999999999512e-01 -5.352047280000000740e+00 -1.508387786666666841e+01
5.800200000000000911e-01 -5.163558080000000494e+00 -1.876321773333333809e+01
5.899800000000000599e-01 -4.976742480000000413e+00 -1.888845880000000221e+01
6.000000000000000888e-01 -4.785784720000000547e+00 -1.973648586666667271e+01
6.100200000000000067e-01 -4.582023920000000139e+00 -2.117438720000000529e+01
6.199800000000000866e-01 -4.362322080000000213e+00 -2.104293986666667138e+01
6.300000000000001155e-01 -4.161155360000000414e+00 -2.074643373333333685e+01
6.400200000000000333e-01 -3.947394800000000092e+00 -1.966710120000000117e+01
6.499800000000000022e-01 -3.767817520000000364e+00 -1.902325333333333646e+01
6.600000000000001421e-01 -3.566901840000000767e+00 -1.987637093333333382e+01
6.700200000000000600e-01 -3.370295680000000349e+00 -1.999979893333333791e+01
6.799800000000000288e-01 -3.166911439999999800e+00 -1.628761466666666635e+01
6.899999999999999467e-01 -3.044571280000000435e+00 -1.368704946666666977e+01
7.000200000000000866e-01 -2.893194160000000181e+00 -1.405063906666667073e+01
7.099800000000000555e-01 -2.763532000000000544e+00 -1.335121373333333494e+01
7.199999999999999734e-01 -2.626171280000000330e+00 -1.224810213333333486e+01
7.300200000000000022e-01 -2.518558800000000097e+00 -1.263024080000000282e+01
7.399800000000000821e-01 -2.373541360000000378e+00 -1.550151080000000370e+01
7.500000000000000000e-01 -2.208566240000000125e+00 -1.893866680000000002e+01
7.600199999999999179e-01 -1.994763840000000066e+00 -1.953084226666667078e+01
7.699800000000001088e-01 -1.817948000000000119e+00 -1.908901186666667016e+01
7.800000000000001377e-01 -1.613015680000000174e+00 -1.767021746666667070e+01
7.900200000000000555e-01 -1.464525520000000247e+00 -1.635511653333333726e+01
7.999800000000000244e-01 -1.285910560000000036e+00 -1.610833026666666967e+01
8.100000000000001643e-01 -1.142357520000000237e+00 -1.234433413333333718e+01
8.200200000000000822e-01 -1.039012720000000112e+00 -7.289504266666668286e+00
8.299799999999999400e-01 -9.965869600000001327e-01 -3.988676933333333618e+00
8.399999999999998579e-01 -9.592238400000001608e-01 -1.859718266666667175e+00
8.500199999999999978e-01 -9.593912000000002216e-01 2.845817333333333643e-01
8.599800000000000777e-01 -9.649140800000001184e-01 7.269002666666667389e-01
8.699999999999999956e-01 -9.739096800000002219e-01 9.342872000000002064e-01
8.800200000000000244e-01 -9.836165600000000842e-01 2.549869066666667461e+00
8.899800000000001043e-01 -1.024912640000000152e+00 3.693216800000000521e+00
9.000000000000000222e-01 -1.057464160000000097e+00 3.988188800000000533e+00
9.100199999999999401e-01 -1.104659680000000144e+00 5.014942400000000688e+00
9.199800000000000200e-01 -1.157754640000000057e+00 5.905785733333334342e+00
9.300000000000001599e-01 -1.222774000000000028e+00 6.649352266666666900e+00
9.400200000000000777e-01 -1.290764000000000022e+00 6.677733733333334420e+00
9.499800000000000466e-01 -1.356327280000000135e+00 4.915154000000000245e+00
9.600000000000001865e-01 -1.389046160000000141e+00 3.690148533333334591e+00
9.700200000000001044e-01 -1.430133040000000078e+00 3.144415466666667047e+00
9.799799999999999622e-01 -1.451973520000000129e+00 1.516769733333333647e+00
9.899999999999998801e-01 -1.460467040000000161e+00 -6.680453333333334631e-02
1.000019999999999909e+00 -1.450634640000000086e+00 -7.539568000000000936e-01
1.009980000000000100e+00 -1.445404640000000240e+00 -1.421304800000000146e+00
1.020000000000000018e+00 -1.422183439999999965e+00 -2.166475200000000267e+00
1.030020000000000158e+00 -1.402058400000000038e+00 -2.827686666666666682e+00
1.039980000000000127e+00 -1.365657600000000249e+00 -4.120054533333333602e+00
1.050000000000000044e+00 -1.319675440000000144e+00 -5.038024133333334653e+00
1.060019999999999962e+00 -1.264865040000000107e+00 -4.840539333333333971e+00
1.069979999999999931e+00 -1.222857679999999947e+00 -5.359285600000000649e+00
1.080000000000000071e+00 -1.157712800000000097e+00 -8.168423200000001216e+00
1.090019999999999989e+00 -1.059514320000000120e+00 -1.112623226666666731e+01
1.099980000000000180e+00 -9.351658400000001370e-01 -1.324194160000000053e+01
1.110000000000000098e+00 -7.946671200000000601e-01 -1.477042653333333533e+01
1.120020000000000016e+00 -6.397754399999999730e-01 -1.460432173333333772e+01
1.129979999999999984e+00 -5.025820800000000421e-01 -1.344967720000000000e+01
1.139999999999999902e+00 -3.707860800000000179e-01 -1.219119973333333640e+01
1.150020000000000042e+00 -2.587385600000000063e-01 -1.022332506666666951e+01
1.159980000000000011e+00 -1.663140000000000451e-01 -1.171680386666666784e+01
1.169999999999999929e+00 -2.439272000000000315e-02 -8.218143066666668162e+00
1.180020000000000069e+00 -1.924640000000000031e-03 -1.210640400000000172e+00
1.189980000000000038e+00 -2.092000000000000164e-04 -9.685960000000000403e-02
1.200000000000000178e+00 0.000000000000000000e+00 -1.952533333333333898e-02
