0.000000000000000000e+00 1.759583561840420884e+02 5.704169772469275586e+02
1.000000000000000194e-02 1.702541864115728174e+02 5.704169772469264217e+02
2.000000000000000389e-02 1.645500166391035748e+02 5.704169772469264217e+02
3.000000000000000583e-02 1.588458468666343038e+02 5.704169772469264217e+02
4.000000000000000777e-02 1.531416770941650327e+02 5.704169772469251711e+02
5.000000000000000278e-02 1.474375073216957901e+02 5.704169772469264217e+02
6.000000000000001166e-02 1.417333375492265191e+02 5.704169772469264217e+02
6.999999999999999278e-02 1.360291677767572480e+02 5.704169772469264217e+02
8.000000000000001554e-02 1.303249980042879770e+02 5.704169772469264217e+02
8.999999999999999667e-02 1.246208282318187344e+02 5.704169772469264217e+02
1.000000000000000056e-01 1.189166584593494491e+02 5.704169772469251711e+02
1.099999999999999867e-01 1.132124886868802349e+02 5.704169772469251711e+02
1.200000000000000233e-01 1.075083189144109497e+02 5.704169772469275586e+02
1.300000000000000044e-01 1.018041491419416786e+02 5.704169772469264217e+02
1.399999999999999856e-01 9.609997936947243602e+01 5.704169772469264217e+02
1.500000000000000222e-01 9.039580959700315077e+01 5.704169772469264217e+02
1.600000000000000311e-01 8.469163982453389394e+01 5.704169772469251711e+02
1.700000000000000122e-01 7.898747005206465133e+01 5.704169772469264217e+02
1.799999999999999933e-01 7.328330027959536608e+01 5.704169772469264217e+02
1.900000000000000022e-01 6.757913050712612346e+01 5.704169772469258533e+02
2.000000000000000111e-01 6.187496073465685953e+01 5.704169772469264217e+02
2.099999999999999645e-01 5.617079096218760270e+01 5.704169772469259669e+02
2.199999999999999734e-01 5.046662118971834587e+01 5.704169772469259669e+02
2.299999999999999822e-01 4.476245141724907484e+01 5.704169772469269901e+02
2.400000000000000466e-01 3.905828164477980380e+01 5.704169772469269901e+02
2.500000000000000000e-01 3.335411187231053987e+01 5.704169772469259669e+02
2.600000000000000089e-01 2.764994209984128304e+01 5.704169772469259669e+02
2.700000000000000178e-01 2.194577232737202266e+01 5.704169772469261943e+02
2.799999999999999711e-01 1.624160255490275873e+01 5.704169772469259669e+02
2.899999999999999800e-01 1.053743278243350012e+01 5.704169772469259669e+02
3.000000000000000444e-01 4.833263009964239743e+00 3.730307029881248582e+02
3.099999999999999978e-01 3.076818722671003759e+00 1.499488300893457620e+02
3.200000000000000622e-01 1.834286408177325800e+00 1.105716985885689354e+02
3.300000000000000711e-01 8.653847508996252991e-01 8.699368415474540939e+01
3.400000000000000244e-01 9.441272508241750627e-02 6.919355602638327696e+01
3.500000000000000333e-01 -5.184863696280401779e-01 5.514748425499364259e+01
3.599999999999999867e-01 -1.008536960017455186e+00 4.378280443612438688e+01
3.700000000000000511e-01 -1.394142458350527969e+00 3.370378742384482251e+01
3.800000000000000044e-01 -1.682612708494351628e+00 2.405888176073344908e+01
3.900000000000000688e-01 -1.875320093565196800e+00 1.610525586850338442e+01
4.000000000000000222e-01 -2.004717825864419378e+00 1.126201347871335479e+01
4.099999999999999756e-01 -2.100560363139464037e+00 8.744128108779978703e+00
4.199999999999999289e-01 -2.179600388040018988e+00 7.077316604198014005e+00
4.299999999999999933e-01 -2.242106695223424317e+00 5.556849794457486169e+00
4.399999999999999467e-01 -2.290737383929168924e+00 4.168776345595291311e+00
4.500000000000000111e-01 -2.325482222135330179e+00 2.873055556474725769e+00
4.599999999999999645e-01 -2.348198495058663404e+00 1.344732771157613804e+00
4.700000000000000289e-01 -2.352376877558482349e+00 -5.927406384405219386e-01
4.800000000000000933e-01 -2.336343682289852453e+00 -2.643523480736350795e+00
4.900000000000000466e-01 -2.299506407943755271e+00 -4.408865837505397067e+00
5.000000000000000000e-01 -2.248166365539744582e+00 -5.607539628238127349e+00
5.100000000000000089e-01 -2.187355615378992812e+00 -6.295481363387808393e+00
5.200000000000000178e-01 -2.122256738271988574e+00 -6.686921166045342702e+00
5.300000000000000266e-01 -2.053617192058085905e+00 -7.041537957375910928e+00
5.400000000000000355e-01 -1.981425979124470382e+00 -7.388248616593124041e+00
5.500000000000000444e-01 -1.905852219726223540e+00 -7.627243772921360687e+00
5.599999999999999423e-01 -1.828881103666043062e+00 -7.623949282127681748e+00
5.699999999999999512e-01 -1.753373234083669852e+00 -7.386556813945572841e+00
5.799999999999999600e-01 -1.681149967387131960e+00 -6.969904867091362810e+00
5.899999999999999689e-01 -1.613975136741842675e+00 -6.533069996356053899e+00
6.000000000000000888e-01 -1.550488567460010847e+00 -6.329762146082475560e+00
6.099999999999999867e-01 -1.487379893820193200e+00 -6.441302650141135899e+00
6.199999999999999956e-01 -1.421662514457188164e+00 -6.615633726927973690e+00
6.300000000000001155e-01 -1.355067219281633539e+00 -6.627176645488068729e+00
6.400000000000001243e-01 -1.289118981547426879e+00 -6.430080299285674705e+00
6.500000000000000222e-01 -1.226465613295920187e+00 -6.096710575904264573e+00
6.600000000000001421e-01 -1.167184770029341401e+00 -5.721833015084625274e+00
6.700000000000000400e-01 -1.112028952994227771e+00 -5.314537521155179078e+00
6.800000000000000488e-01 -1.060894019606237970e+00 -4.901488078517353131e+00
6.899999999999999467e-01 -1.013999191423880619e+00 -4.522844996979246801e+00
7.000000000000000666e-01 -9.704371196666528032e-01 -4.222223630208134182e+00
7.099999999999999645e-01 -9.295547188197179622e-01 -4.035717472683341356e+00
7.199999999999999734e-01 -8.897227702129860694e-01 -3.954573675107041275e+00
7.299999999999999822e-01 -8.504632453175772211e-01 -3.887286084248108953e+00
7.400000000000001021e-01 -8.119770485280239924e-01 -3.778047945343713909e+00
7.500000000000000000e-01 -7.749022864107028008e-01 -3.618972952571601454e+00
7.600000000000000089e-01 -7.395975894765918213e-01 -3.407610154032708394e+00
7.700000000000000178e-01 -7.067500833300487395e-01 -3.132741569901435597e+00
7.800000000000001377e-01 -6.769427580785631893e-01 -2.857936804622258631e+00
7.900000000000000355e-01 -6.495913472376035891e-01 -2.654269002113462506e+00
8.000000000000000444e-01 -6.238573780362939303e-01 -2.537746767390677949e+00
8.100000000000001643e-01 -5.988364118897900878e-01 -2.484120507872805472e+00
8.199999999999999512e-01 -5.741749678788378164e-01 -2.479394751649342421e+00
8.300000000000000711e-01 -5.492485168568030929e-01 -2.513015049164230241e+00
8.399999999999998579e-01 -5.239146668955532160e-01 -2.539423922404394851e+00
8.500000000000000888e-01 -4.984600384087152780e-01 -2.515186245327854841e+00
8.599999999999999867e-01 -4.736109419889961147e-01 -2.443460959810523914e+00
8.699999999999999956e-01 -4.495908192125048219e-01 -2.353465145705223804e+00
8.799999999999998934e-01 -4.265416390748916764e-01 -2.267908592493913300e+00
8.900000000000001243e-01 -4.042326473626265404e-01 -2.194977532668568099e+00
9.000000000000000222e-01 -3.826420884215203100e-01 -2.127882460067149317e+00
9.100000000000000311e-01 -3.616749981612835674e-01 -2.076964319213951082e+00
9.199999999999999289e-01 -3.411028020372413039e-01 -2.038284718920552407e+00
9.300000000000001599e-01 -3.209093037828725237e-01 -2.002665003452621661e+00
9.400000000000000577e-01 -3.010495019681888595e-01 -1.961232808213031475e+00
9.500000000000000666e-01 -2.816846476186118942e-01 -1.917252772089605317e+00
9.600000000000001865e-01 -2.627044465263967399e-01 -1.875868859819200596e+00
9.699999999999999734e-01 -2.441672704222278834e-01 -1.825132366807996398e+00
9.800000000000000933e-01 -2.262017991902368075e-01 -1.755558521941814609e+00
9.899999999999998801e-01 -2.090560999833915856e-01 -1.678364604321312958e+00
1.000000000000000000e+00 -1.926345071038105816e-01 -1.608547256379334378e+00
1.010000000000000009e+00 -1.768851548558049158e-01 -1.541843571485664643e+00
1.020000000000000018e+00 -1.617976356740972732e-01 -1.464310374936731884e+00
1.030000000000000027e+00 -1.475989473570702981e-01 -1.383225984941268472e+00
1.040000000000000036e+00 -1.341331159752719160e-01 -1.310040724261591460e+00
1.050000000000000044e+00 -1.213981328718384545e-01 -1.245666741781986664e+00
1.060000000000000053e+00 -1.092197811396321827e-01 -1.185596045227931050e+00
1.070000000000000062e+00 -9.768621196727983458e-02 -1.127120191176687936e+00
1.080000000000000071e+00 -8.667737731609841123e-02 -1.071296157730920795e+00
1.090000000000000080e+00 -7.626028881266141979e-02 -1.010045702198582918e+00
1.100000000000000089e+00 -6.647646327212676509e-02 -9.403226684727528095e-01
1.110000000000000098e+00 -5.745383544320636221e-02 -8.681589173719755914e-01
1.119999999999999885e+00 -4.911328492468725743e-02 -8.031527236395755720e-01
1.130000000000000115e+00 -4.139078097041485466e-02 -7.509494221476697984e-01
1.139999999999999902e+00 -3.409429648173385730e-02 -7.078504066706541309e-01
1.150000000000000133e+00 -2.723377283700176982e-02 -6.641794609344054967e-01
1.159999999999999920e+00 -2.081070726304575305e-02 -1.052646430588622506e+00
1.169999999999999929e+00 -6.180844225229322614e-03 -1.008796296707923590e+00
1.179999999999999938e+00 -6.347813288872782575e-04 -3.066304167139475290e-01
1.190000000000000169e+00 -4.823589095037221643e-05 -3.173906644436391700e-02
1.200000000000000178e+00 0.000000000000000000e+00 -4.823589095037222538e-03
