0.000000000000000000e+00 1.198606639705193447e+04 1.865970771343198430e+05
1.000000000000000194e-02 1.012009562570873641e+04 1.721705319964005612e+05
2.000000000000000389e-02 8.542655757123922740e+03 1.455404566025180684e+05
3.000000000000000583e-02 7.209286493658374638e+03 1.230144758053984697e+05
4.000000000000000777e-02 6.082366241015953165e+03 1.039612654789683584e+05
5.000000000000000278e-02 5.130061184079007944e+03 8.784652287980659457e+04
6.000000000000001166e-02 4.325435783419821746e+03 7.421806396899979154e+04
6.999999999999999278e-02 3.645699904699011768e+03 6.269320921690757677e+04
8.000000000000001554e-02 3.071571599081670684e+03 5.294810651495878847e+04
8.999999999999999667e-02 2.586737774399835871e+03 4.470869376537359494e+04
1.000000000000000056e-01 2.177397723774198766e+03 3.774304938432647759e+04
1.099999999999999867e-01 1.831876786713306501e+03 3.185491760803203579e+04
1.200000000000000233e-01 1.540299371613557923e+03 2.687822821082611335e+04
1.300000000000000044e-01 1.294312222496784443e+03 2.267245794059619220e+04
1.399999999999999856e-01 1.086850212801634143e+03 1.911870442106633345e+04
1.500000000000000222e-01 9.119381340754576968e+02 1.611636311527928046e+04
1.600000000000000311e-01 7.645229504960486793e+02 1.358031474269851788e+04
1.700000000000000122e-01 6.403318392214873711e+02 1.143854476144228465e+04
1.799999999999999933e-01 5.357520552672029908e+02 9.630128563186961401e+03
1.900000000000000022e-01 4.477292679577481636e+02 8.103526216398772704e+03
2.000000000000000111e-01 3.736815309392275708e+02 6.815139217465187357e+03
2.099999999999999645e-01 3.114264836084444141e+02 5.728089009148689911e+03
2.199999999999999734e-01 2.591197507562538362e+02 4.811183204855497024e+03
2.299999999999999822e-01 2.152028195113345248e+02 4.038040687568828616e+03
2.400000000000000466e-01 1.783589370048772480e+02 3.386351179593954839e+03
2.500000000000000000e-01 1.474757959194554360e+02 2.837248626794088523e+03
2.600000000000000089e-01 1.216139644689954764e+02 2.374780913126252017e+03
2.700000000000000178e-01 9.998017765693039394e+01 1.985461106355046240e+03
2.799999999999999711e-01 8.190474234189454705e+01 1.657887708610617437e+03
2.899999999999999800e-01 6.682242348471804405e+01 1.382423309262340354e+03
3.000000000000000444e-01 5.425627615664774339e+01 1.150922665983168827e+03
3.099999999999999978e-01 4.380397016505467178e+01 1.317414143960076672e+03
3.200000000000000622e-01 2.790799327744621294e+01 1.422456599831500853e+03
3.300000000000000711e-01 1.535483816842465465e+01 1.021415563691091279e+03
3.400000000000000244e-01 7.479682003624389175e+00 4.281036950697313159e+02
3.500000000000000333e-01 6.792764267030028336e+00 1.398094797218926715e+02
3.599999999999999867e-01 4.683492409186535532e+00 1.137992581022692207e+02
3.700000000000000511e-01 4.516779104984643745e+00 3.347782907818027809e+01
3.800000000000000044e-01 4.013935827622931107e+00 5.370316992991383387e+01
3.900000000000000688e-01 3.442715706386367369e+00 5.627023007412133637e+01
4.000000000000000222e-01 2.888531226140504504e+00 5.355575377208221965e+01
4.099999999999999756e-01 2.371600630944723065e+00 4.939559994483104077e+01
4.199999999999999289e-01 1.900619227243883547e+00 4.502278490973116476e+01
4.299999999999999933e-01 1.471144932750099832e+00 4.153434092112514264e+01
4.399999999999999467e-01 1.069932408821380854e+00 3.871958228813444691e+01
4.500000000000000111e-01 6.967532869874109025e-01 3.553350111095561914e+01
4.599999999999999645e-01 3.592623866022683909e-01 3.185356869933760748e+01
4.700000000000000289e-01 5.968191300065883026e-02 2.826613547367649559e+01
4.800000000000000933e-01 -2.060603228712615254e-01 2.521915338443413290e+01
4.900000000000000466e-01 -4.447011546880237920e-01 2.252901702886407165e+01
5.000000000000000000e-01 -6.566406634485428828e-01 1.961217339154665140e+01
5.100000000000000089e-01 -8.369446225189568489e-01 1.665655045133915735e+01
5.200000000000000178e-01 -9.897716724753260475e-01 1.442534194928892610e+01
5.300000000000000266e-01 -1.125451461504735295e+00 1.278800828618003393e+01
5.400000000000000355e-01 -1.245531838198926877e+00 1.093464394268137951e+01
5.500000000000000444e-01 -1.344144340358362832e+00 8.676036713398994848e+00
5.599999999999999423e-01 -1.419052572466906748e+00 6.502559052688506647e+00
5.699999999999999512e-01 -1.474195521412132948e+00 4.749015801622889832e+00
5.799999999999999600e-01 -1.514032888499364349e+00 3.352800646488360403e+00
5.899999999999999689e-01 -1.541251534341900209e+00 2.236119074941409046e+00
6.000000000000000888e-01 -1.558755269998192583e+00 1.279313644131925498e+00
6.099999999999999867e-01 -1.566837807224538581e+00 1.454730003287786344e-01
6.199999999999999956e-01 -1.561664730004768131e+00 -1.215156845453698731e+00
6.300000000000001155e-01 -1.542534670315464762e+00 -2.314537520242103685e+00
6.400000000000001243e-01 -1.515373979599926146e+00 -2.864191961314848545e+00
6.500000000000000222e-01 -1.485250831089167667e+00 -3.203086576942516750e+00
6.600000000000001421e-01 -1.451312248061075838e+00 -3.796790538447599506e+00
6.700000000000000400e-01 -1.409315020320215828e+00 -4.670367648466858590e+00
6.800000000000000488e-01 -1.357904895091738506e+00 -5.549396801536711443e+00
6.899999999999999467e-01 -1.298327084289481625e+00 -6.311383537468985949e+00
7.000000000000000666e-01 -1.231677224342358823e+00 -6.914681344221991210e+00
7.099999999999999645e-01 -1.160033457405041490e+00 -7.224129774352511468e+00
7.199999999999999734e-01 -1.087194628855308487e+00 -7.292992309840209408e+00
7.299999999999999822e-01 -1.014173611208237569e+00 -7.398151460519652112e+00
7.400000000000001021e-01 -9.392315996449156490e-01 -7.579171726753714644e+00
7.500000000000000000e-01 -8.625901766731632891e-01 -7.573664498461889494e+00
7.600000000000000089e-01 -7.877583096756778369e-01 -7.260685708493608281e+00
7.700000000000000178e-01 -7.173764625032910125e-01 -6.780938700542000319e+00
7.800000000000001377e-01 -6.521395356648378439e-01 -6.252910336332751839e+00
7.900000000000000355e-01 -5.923182557766359935e-01 -5.765933705270597898e+00
8.000000000000000444e-01 -5.368208615594258770e-01 -5.476522864612557662e+00
8.100000000000001643e-01 -4.827877984843848558e-01 -5.325355938412015711e+00
8.199999999999999512e-01 -4.303137427911856161e-01 -5.005620545462821980e+00
8.300000000000000711e-01 -3.826753875751284228e-01 -4.431037869854667299e+00
8.399999999999998579e-01 -3.416929853940922635e-01 -3.833915005411346666e+00
8.500000000000000888e-01 -3.059970874669015739e-01 -3.418322609206223550e+00
8.599999999999999867e-01 -2.733265332099677480e-01 -3.197954974672532202e+00
8.699999999999999956e-01 -2.420379879734508854e-01 -3.100109026269659118e+00
8.799999999999998934e-01 -2.113243526845746123e-01 -3.054825353441816382e+00
8.900000000000001243e-01 -1.809414809046145656e-01 -3.014454358314880178e+00
9.000000000000000222e-01 -1.510352655182770065e-01 -2.871621620622995419e+00
9.100000000000000311e-01 -1.235090484921546605e-01 -2.499265480797394634e+00
9.199999999999999289e-01 -1.010499559023291249e-01 -1.989847135532030187e+00
9.300000000000001599e-01 -8.371210578151404291e-02 -1.575825272805120747e+00
9.400000000000000577e-01 -6.953345044622669113e-02 -1.290086441791389538e+00
9.500000000000000666e-01 -5.791037694568626493e-02 -1.027113980172419172e+00
9.600000000000001865e-01 -4.899117084277831990e-02 -8.243329862591415313e-01
9.699999999999999734e-01 -4.142371722050343374e-02 -7.250181553868139117e-01
9.800000000000000933e-01 -3.449080773504204639e-02 -5.862123140077900585e-01
9.899999999999998801e-01 -2.969947094034763174e-02 -3.345964055841968432e-01
1.000000000000000000e+00 -2.779887962335811022e-02 -1.083165649914114986e-01
1.010000000000000009e+00 -2.753313964051940302e-02 1.595535567204216243e-02
1.020000000000000018e+00 -2.811798673679895277e-02 8.345436672918422893e-02
1.030000000000000027e+00 -2.920222697510308635e-02 9.653455390355966670e-02
1.040000000000000036e+00 -3.004867781487014639e-02 5.500415380028792628e-02
1.050000000000000044e+00 -3.030231005110884529e-02 1.536911924156753734e-02
1.060000000000000053e+00 -3.035606019970149561e-02 1.211380248667350175e-02
1.070000000000000062e+00 -3.054458610084231571e-02 1.461225470859690498e-02
1.080000000000000071e+00 -3.064830529387343322e-02 -1.629873208948165800e-02
1.090000000000000080e+00 -3.021861145905268067e-02 -7.877123367479200999e-02
1.100000000000000089e+00 -2.907288062037759538e-02 -1.373978918579410458e-01
1.110000000000000098e+00 -2.747065362189386045e-02 -1.689720851449390271e-01
1.119999999999999885e+00 -2.569343891747881761e-02 -1.904751253306763425e-01
1.130000000000000115e+00 -2.366115111528033568e-02 -2.255121542917831734e-01
1.139999999999999902e+00 -2.118319583164315206e-02 -2.693193132837092274e-01
1.150000000000000133e+00 -1.827476484960614822e-02 -3.119014157715451208e-01
1.159999999999999920e+00 -1.494516751621225228e-02 -8.435699783335737223e-01
1.169999999999999929e+00 -1.403365282934678892e-03 -7.329545683566540681e-01
1.179999999999999938e+00 -2.860761490791696531e-04 -6.677109751006639338e-02
1.190000000000000169e+00 -6.794333273335079670e-05 -1.430380745395848537e-02
1.200000000000000178e+00 0.000000000000000000e+00 -6.794333273335080754e-03
