0.000000000000000000e+00 2.706632306907200132e+02 6.891781683131184764e+02
1.000000000000000194e-02 2.637714490075888421e+02 6.891781683131184764e+02
2.000000000000000389e-02 2.568796673244576709e+02 6.891781683131208638e+02
3.000000000000000583e-02 2.499878856413264714e+02 6.891781683131184764e+02
4.000000000000000777e-02 2.430961039581953287e+02 6.891781683131184764e+02
5.000000000000000278e-02 2.362043222750641007e+02 6.891781683131184764e+02
6.000000000000001166e-02 2.293125405919329580e+02 6.891781683131184764e+02
6.999999999999999278e-02 2.224207589088017301e+02 6.891781683131208638e+02
8.000000000000001554e-02 2.155289772256705589e+02 6.891781683131184764e+02
8.999999999999999667e-02 2.086371955425393310e+02 6.891781683131184764e+02
1.000000000000000056e-01 2.017454138594081599e+02 6.891781683131197269e+02
1.099999999999999867e-01 1.948536321762769603e+02 6.891781683131197269e+02
1.200000000000000233e-01 1.879618504931457608e+02 6.891781683131197269e+02
1.300000000000000044e-01 1.810700688100145612e+02 6.891781683131197269e+02
1.399999999999999856e-01 1.741782871268833901e+02 6.891781683131184764e+02
1.500000000000000222e-01 1.672865054437521906e+02 6.891781683131197269e+02
1.600000000000000311e-01 1.603947237606209910e+02 6.891781683131197269e+02
1.700000000000000122e-01 1.535029420774897915e+02 6.891781683131184764e+02
1.799999999999999933e-01 1.466111603943586204e+02 6.891781683131197269e+02
1.900000000000000022e-01 1.397193787112274208e+02 6.891781683131197269e+02
2.000000000000000111e-01 1.328275970280962213e+02 6.891781683131197269e+02
2.099999999999999645e-01 1.259358153449650075e+02 6.891781683131197269e+02
2.199999999999999734e-01 1.190440336618338364e+02 6.891781683131184764e+02
2.299999999999999822e-01 1.121522519787026511e+02 6.891781683131208638e+02
2.400000000000000466e-01 1.052604702955714231e+02 6.891781683131208638e+02
2.500000000000000000e-01 9.836868861244023776e+01 6.891781683131184764e+02
2.600000000000000089e-01 9.147690692930905243e+01 6.891781683131197269e+02
2.700000000000000178e-01 8.458512524617785289e+01 6.891781683131197269e+02
2.799999999999999711e-01 7.769334356304665334e+01 6.891781683131184764e+02
2.899999999999999800e-01 7.080156187991546801e+01 6.891781683131191585e+02
3.000000000000000444e-01 6.390978019678428268e+01 6.891781683131184764e+02
3.099999999999999978e-01 5.701799851365310445e+01 6.891781683131192722e+02
3.200000000000000622e-01 5.012621683052189070e+01 6.891781683131215459e+02
3.300000000000000711e-01 4.323443514739068405e+01 6.891781683131192722e+02
3.400000000000000244e-01 3.634265346425950582e+01 6.891781683131192722e+02
3.500000000000000333e-01 2.945087178112829207e+01 5.022629082814780759e+02
3.599999999999999867e-01 2.629739529862994374e+01 3.953883507262199828e+02
3.700000000000000511e-01 2.154310476660389284e+01 4.265118410758341270e+02
3.800000000000000044e-01 1.776715847711326290e+01 3.419441320281483740e+02
3.900000000000000688e-01 1.470422212604092671e+01 2.792697133716193321e+02
4.000000000000000222e-01 1.218176420968087825e+01 2.368785310408902092e+02
4.099999999999999756e-01 9.966651505223122598e+00 2.088211198276692926e+02
4.199999999999999289e-01 8.005341813127490269e+00 1.851579660221376002e+02
4.299999999999999933e-01 6.263492184780371730e+00 1.627954262315933249e+02
4.399999999999999467e-01 4.749433288495624517e+00 1.415352636952601415e+02
4.500000000000000111e-01 3.432786910875169184e+00 1.222525627727512898e+02
4.599999999999999645e-01 2.304382033040598632e+00 1.045453079958899281e+02
4.700000000000000289e-01 1.341880750957370472e+00 8.887104953453628298e+01
4.800000000000000933e-01 5.269610423498733986e-01 7.538815988143753088e+01
4.900000000000000466e-01 -1.658824466713798018e-01 6.374130605032480190e+01
5.000000000000000000e-01 -7.478650786566225506e-01 5.322023222577871593e+01
5.100000000000000089e-01 -1.230287091186954118e+00 4.345910289176699592e+01
5.200000000000000178e-01 -1.617047136491962522e+00 3.413765872276552216e+01
5.300000000000000266e-01 -1.913040265642264703e+00 2.533989357457395286e+01
5.400000000000000355e-01 -2.123845007983441224e+00 1.746965199861344331e+01
5.500000000000000444e-01 -2.262433305614533818e+00 1.092722829407581742e+01
5.599999999999999423e-01 -2.342389573864958052e+00 5.439314308759470862e+00
5.699999999999999512e-01 -2.371219591789722969e+00 6.648019087442194053e-01
5.799999999999999600e-01 -2.355685612039842169e+00 -3.413231648028109966e+00
5.899999999999999689e-01 -2.302954958829160681e+00 -6.631244798754496017e+00
6.000000000000000888e-01 -2.223060716064752196e+00 -8.960449714202621152e+00
6.099999999999999867e-01 -2.123745964545108222e+00 -1.022258752378999702e+01
6.199999999999999956e-01 -2.018608965588952309e+00 -1.035911687830462036e+01
6.300000000000001155e-01 -1.916563626979015833e+00 -9.992716504762075402e+00
6.400000000000001243e-01 -1.818754635493710969e+00 -9.949037069907875619e+00
6.500000000000000222e-01 -1.717582885580858365e+00 -1.042680452807083036e+01
6.600000000000001421e-01 -1.610218544932294327e+00 -1.124156649348432779e+01
6.700000000000000400e-01 -1.492751555711171907e+00 -1.186397951225680103e+01
6.800000000000000488e-01 -1.372938954687158430e+00 -1.187435710171271808e+01
6.899999999999999467e-01 -1.255264413676917545e+00 -1.149363368445892419e+01
7.000000000000000666e-01 -1.143066280997979911e+00 -1.119290294937951913e+01
7.099999999999999645e-01 -1.031406354689327065e+00 -1.111916087554651966e+01
7.199999999999999734e-01 -9.206830634870495356e-01 -1.089555549258392020e+01
7.299999999999999822e-01 -8.134952448376486789e-01 -1.010264751918758641e+01
7.400000000000001021e-01 -7.186301131032979406e-01 -8.753119326391493260e+00
7.500000000000000000e-01 -6.384328583098188847e-01 -7.190970633038569204e+00
7.600000000000000089e-01 -5.748107004425264677e-01 -5.903049964523760629e+00
7.700000000000000178e-01 -5.203718590193436855e-01 -5.341995904313575849e+00
7.800000000000001377e-01 -4.679707823562550550e-01 -5.247537373306338182e+00
7.900000000000000355e-01 -4.154211115532169263e-01 -5.028488664854088519e+00
8.000000000000000444e-01 -3.674010090591732780e-01 -4.497893064867695578e+00
8.100000000000001643e-01 -3.254632502558629792e-01 -3.970926162950200844e+00
8.199999999999999512e-01 -2.879824858001692189e-01 -3.533238976765182393e+00
8.300000000000000711e-01 -2.547984707205593891e-01 -3.189097398879717105e+00
8.399999999999998579e-01 -2.242005378225749301e-01 -2.907454155237668036e+00
8.500000000000000888e-01 -1.966493876158059984e-01 -2.402444565795931020e+00
8.599999999999999867e-01 -1.761516465066562953e-01 -1.485004494311638945e+00
8.699999999999999956e-01 -1.669492977295732317e-01 -4.622850830532970190e-01
8.799999999999998934e-01 -1.669059448455903760e-01 2.638447817122381300e-01
8.900000000000001243e-01 -1.722261933638180031e-01 5.049038329527949509e-01
9.000000000000000222e-01 -1.770040215046462528e-01 2.959991278855229613e-01
9.100000000000000311e-01 -1.781461759215284546e-01 -7.670344067927101217e-02
9.199999999999999289e-01 -1.754699526910608320e-01 -2.166523824660537834e-01
9.300000000000001599e-01 -1.738131282722073789e-01 6.959936628141352721e-02
9.400000000000000577e-01 -1.768619400166891176e-01 4.705323022634842478e-01
9.500000000000000666e-01 -1.832237743174770506e-01 6.106421202249864288e-01
9.600000000000001865e-01 -1.890747824211888584e-01 4.300507547166587119e-01
9.699999999999999734e-01 -1.918247894118102481e-01 8.449029875775415643e-02
9.800000000000000933e-01 -1.907645883963439148e-01 -3.193700330531334952e-01
9.899999999999998801e-01 -1.854373887507475838e-01 -6.687536364544438561e-01
1.000000000000000000e+00 -1.773895156672550544e-01 -8.490196474497579970e-01
1.010000000000000009e+00 -1.684569958017524127e-01 -8.971569181504354118e-01
1.020000000000000018e+00 -1.594463773042463228e-01 -8.976359853603146366e-01
1.030000000000000027e+00 -1.505042760945461411e-01 -8.518997429280452671e-01
1.040000000000000036e+00 -1.424083824456854330e-01 -7.616133187039828556e-01
1.050000000000000044e+00 -1.352720097204664629e-01 -6.449531401720900448e-01
1.060000000000000053e+00 -1.295093196422436310e-01 -5.303378289274266466e-01
1.070000000000000062e+00 -1.246652531419179394e-01 -5.218287382870755442e-01
1.080000000000000071e+00 -1.190727448765021151e-01 -6.374192803736027368e-01
1.090000000000000080e+00 -1.119168675344458935e-01 -7.808815260233554767e-01
1.100000000000000089e+00 -1.034551143560350078e-01 -8.607839650983710733e-01
1.110000000000000098e+00 -9.470118823247847262e-02 -8.656386766405553823e-01
1.119999999999999885e+00 -8.614234082322390351e-02 -8.504553149438452975e-01
1.130000000000000115e+00 -7.769208193360155335e-02 -8.705633590577140923e-01
1.139999999999999902e+00 -6.873107364206960945e-02 -9.378107369989043818e-01
1.150000000000000133e+00 -5.893586719362346737e-02 -1.032864785936756125e+00
1.159999999999999920e+00 -4.807377792333449723e-02 -2.503404803493316066e+00
1.169999999999999929e+00 -8.867771123757146878e-03 -2.357553377663213823e+00
1.179999999999999938e+00 -9.227103700702293234e-04 -4.391542168487968523e-01
1.190000000000000169e+00 -8.468678678121128957e-05 -4.613551850351146899e-02
1.200000000000000178e+00 0.000000000000000000e+00 -8.468678678121130746e-03
