0.000000000000000000e+00 5.595818224014684574e+02 1.406673107749074916e+03
1.000000000000000194e-02 5.455150913239777992e+02 1.406673107749074916e+03
2.000000000000000389e-02 5.314483602464870273e+02 1.406673107749079691e+03
3.000000000000000583e-02 5.173816291689961417e+02 1.406673107749074916e+03
4.000000000000000777e-02 5.033148980915054835e+02 1.406673107749074916e+03
5.000000000000000278e-02 4.892481670140147116e+02 1.406673107749079691e+03
6.000000000000001166e-02 4.751814359365239397e+02 1.406673107749074916e+03
6.999999999999999278e-02 4.611147048590332247e+02 1.406673107749074916e+03
8.000000000000001554e-02 4.470479737815424528e+02 1.406673107749074916e+03
8.999999999999999667e-02 4.329812427040516809e+02 1.406673107749074916e+03
1.000000000000000056e-01 4.189145116265609659e+02 1.406673107749077190e+03
1.099999999999999867e-01 4.048477805490701371e+02 1.406673107749077190e+03
1.200000000000000233e-01 3.907810494715794221e+02 1.406673107749077190e+03
1.300000000000000044e-01 3.767143183940885933e+02 1.406673107749077190e+03
1.399999999999999856e-01 3.626475873165978214e+02 1.406673107749074916e+03
1.500000000000000222e-01 3.485808562391071064e+02 1.406673107749077190e+03
1.600000000000000311e-01 3.345141251616162776e+02 1.406673107749077190e+03
1.700000000000000122e-01 3.204473940841255626e+02 1.406673107749074916e+03
1.799999999999999933e-01 3.063806630066347907e+02 1.406673107749077190e+03
1.900000000000000022e-01 2.923139319291440188e+02 1.406673107749077190e+03
2.000000000000000111e-01 2.782472008516532469e+02 1.406673107749074916e+03
2.099999999999999645e-01 2.641804697741625318e+02 1.406673107749077190e+03
2.199999999999999734e-01 2.501137386966717315e+02 1.406673107749077190e+03
2.299999999999999822e-01 2.360470076191809596e+02 1.406673107749079691e+03
2.400000000000000466e-01 2.219802765416901309e+02 1.406673107749078554e+03
2.500000000000000000e-01 2.079135454641994158e+02 1.406673107749074916e+03
2.600000000000000089e-01 1.938468143867086440e+02 1.406673107749077190e+03
2.700000000000000178e-01 1.797800833092178721e+02 1.406673107749076280e+03
2.799999999999999711e-01 1.657133522317271002e+02 1.406673107749076280e+03
2.899999999999999800e-01 1.516466211542363283e+02 1.406673107749077190e+03
3.000000000000000444e-01 1.375798900767455564e+02 1.406673107749074916e+03
3.099999999999999978e-01 1.235131589992548413e+02 1.406673107749076280e+03
3.200000000000000622e-01 1.094464279217640410e+02 1.406673107749080373e+03
3.300000000000000711e-01 9.537969684427324069e+01 1.406673107749076735e+03
3.400000000000000244e-01 8.131296576678252563e+01 1.406673107749076735e+03
3.500000000000000333e-01 6.724623468929171111e+01 1.406673107749076735e+03
3.599999999999999867e-01 5.317950361180098184e+01 1.406673107749076735e+03
3.700000000000000511e-01 3.911277253431017442e+01 1.406673107749076280e+03
3.800000000000000044e-01 2.504604145681945937e+01 1.406673107749076280e+03
3.900000000000000688e-01 1.097931037932864662e+01 8.442439711001727574e+02
4.000000000000000222e-01 8.161162034816005217e+00 2.451970298100481216e+02
4.099999999999999756e-01 6.075369783127685608e+00 1.953676531096241717e+02
4.199999999999999289e-01 4.253808972623522422e+00 1.646907593787482256e+02
4.299999999999999933e-01 2.781554595552720777e+00 1.340279015235030329e+02
4.399999999999999467e-01 1.573250942153461729e+00 1.080642992003691774e+02
4.500000000000000111e-01 6.202686115453376337e-01 8.502370435498285417e+01
4.599999999999999645e-01 -1.272231449461950770e-01 6.672217930765656035e+01
4.700000000000000289e-01 -7.141749746077934446e-01 5.078780377376724431e+01
4.800000000000000933e-01 -1.142979220421539654e+00 3.733754423904544240e+01
4.900000000000000466e-01 -1.460925859388702452e+00 2.724750179163066477e+01
5.000000000000000000e-01 -1.687929256254153021e+00 1.872936824448452597e+01
5.100000000000000089e-01 -1.835513224278392697e+00 1.171058364159925347e+01
5.200000000000000178e-01 -1.922140929086137984e+00 5.662690153691484873e+00
5.300000000000000266e-01 -1.948767027352222403e+00 8.274087730715751210e-01
5.400000000000000355e-01 -1.938689104547569597e+00 -3.192481351645772403e+00
5.500000000000000444e-01 -1.884917400319306990e+00 -6.595373436349088792e+00
5.599999999999999423e-01 -1.806781635820587706e+00 -8.858530672638446291e+00
5.699999999999999512e-01 -1.707746786866537914e+00 -1.101936493821181173e+01
5.799999999999999600e-01 -1.586394337056351578e+00 -1.234479706448065528e+01
5.899999999999999689e-01 -1.460850845576924906e+00 -1.244539371080971080e+01
6.000000000000000888e-01 -1.337486462840157486e+00 -1.198060761031245747e+01
6.099999999999999867e-01 -1.221238693370676032e+00 -1.114786077935173836e+01
6.199999999999999956e-01 -1.114529247253122746e+00 -1.010337351001759032e+01
6.300000000000001155e-01 -1.019171223170324048e+00 -8.748865256868835871e+00
6.400000000000001243e-01 -9.395519421157458861e-01 -7.089829911434978982e+00
6.500000000000000222e-01 -8.773746249416244369e-01 -5.150630708746270159e+00
6.600000000000001421e-01 -8.365393279408205318e-01 -3.601515478599308651e+00
6.700000000000000400e-01 -8.053443153696382417e-01 -3.364143781647436882e+00
6.800000000000000488e-01 -7.692564523078718741e-01 -3.114155426415139427e+00
6.899999999999999467e-01 -7.430612068413355864e-01 -2.730687205220541980e+00
7.000000000000000666e-01 -7.146427082034609857e-01 -3.091434969726813087e+00
7.099999999999999645e-01 -6.812325074467993069e-01 -2.937540092017091098e+00
7.199999999999999734e-01 -6.558919063631191149e-01 -3.264339636236456954e+00
7.299999999999999822e-01 -6.159457147220701589e-01 -3.864061080297662265e+00
7.400000000000001021e-01 -5.786106847571659273e-01 -3.777398912045409674e+00
7.500000000000000000e-01 -5.403977364811619610e-01 -3.559566403998417172e+00
7.600000000000000089e-01 -5.074193566771975084e-01 -4.209235892937841506e+00
7.700000000000000178e-01 -4.562130186224051531e-01 -5.342108227264653841e+00
7.800000000000001377e-01 -4.005771921319044582e-01 -5.275314273340385718e+00
7.900000000000000355e-01 -3.507067331555974166e-01 -5.191576051242789092e+00
8.000000000000000444e-01 -2.967456711070487474e-01 -4.775500554530974995e+00
8.100000000000001643e-01 -2.551967220649779544e-01 -3.692330903206640702e+00
8.199999999999999512e-01 -2.228990530429159067e-01 -3.219242636886318731e+00
8.300000000000000711e-01 -1.908118693272515820e-01 -2.681446302227558753e+00
8.399999999999998579e-01 -1.692701269983647727e-01 -1.935604525970540557e+00
8.500000000000000888e-01 -1.520997788078407575e-01 -1.338730583426851473e+00
8.599999999999999867e-01 -1.424955153298277377e-01 -1.193836806345960566e+00
8.699999999999999956e-01 -1.282230426809215507e-01 -1.291740700879747683e+00
8.799999999999998934e-01 -1.166607013122327868e-01 -1.337445420645825500e+00
8.900000000000001243e-01 -1.014741342680050423e-01 -1.349116079424713011e+00
9.000000000000000222e-01 -8.967837972373851607e-02 -9.241434623800319770e-01
9.100000000000000311e-01 -8.299126502040440889e-02 -8.780821687084322535e-01
9.199999999999999289e-01 -7.211673634956987378e-02 -1.090949099811868050e+00
9.300000000000001599e-01 -6.117228302416704427e-02 -1.412895037091906003e+00
9.400000000000000577e-01 -4.385883560773176648e-02 -1.326824127485894511e+00
9.500000000000000666e-01 -3.463580047444916182e-02 -9.551949970583525351e-01
9.600000000000001865e-01 -2.475493566656471536e-02 -6.631115025057287005e-01
9.699999999999999734e-01 -2.137357042433459323e-02 -4.536001150386338443e-01
9.800000000000000933e-01 -1.568293336579203862e-02 -3.884674326118182641e-01
9.899999999999998801e-01 -1.360422177209822357e-02 -6.481849325646937832e-03
1.000000000000000000e+00 -1.555329637927910062e-02 2.479367354886334307e-01
1.010000000000000009e+00 -1.856295648187089586e-02 4.030645018096699617e-01
1.020000000000000018e+00 -2.361458641547250006e-02 6.736408822742222524e-01
1.030000000000000027e+00 -3.203577412735533758e-02 9.235445540160985844e-01
1.040000000000000036e+00 -4.208547749579447106e-02 1.454456735943710832e+00
1.050000000000000044e+00 -6.112490884622955034e-02 1.493983802939405692e+00
1.060000000000000053e+00 -7.196515355458257823e-02 8.627179444646808637e-01
1.070000000000000062e+00 -7.837926773552317261e-02 5.493099529498080003e-01
1.080000000000000071e+00 -8.295135261357874934e-02 4.023061204584964246e-02
1.090000000000000080e+00 -7.918387997644016352e-02 -5.614138838192914704e-01
1.100000000000000089e+00 -7.172307493719290439e-02 -7.253688509942747276e-01
1.110000000000000098e+00 -6.467650295655466564e-02 -6.909044618745657784e-01
1.119999999999999885e+00 -5.790498569970160131e-02 -8.519193891329746027e-01
1.130000000000000115e+00 -4.763811517389517081e-02 -1.041773589148553336e+00
1.139999999999999902e+00 -3.706951391673053015e-02 -1.038103049738029471e+00
1.150000000000000133e+00 -2.687605417913458555e-02 -1.079578795911198430e+00
1.159999999999999920e+00 -1.547793799850656626e-02 -1.362239471718154959e+00
1.169999999999999929e+00 3.687352552285122335e-04 -7.916785370736630911e-01
1.179999999999999938e+00 3.556327429666942294e-04 1.682879719629560081e-02
1.190000000000000169e+00 3.215931130260027643e-05 1.778163714833470854e-02
1.200000000000000178e+00 0.000000000000000000e+00 3.215931130260028022e-03
