0.000000000000000000e+00 2.437522779152331225e+02 5.764798653186443289e+02
1.000000000000000194e-02 2.379874792620466337e+02 5.764798653186396677e+02
2.000000000000000389e-02 2.322226806088602871e+02 5.764798653186396677e+02
3.000000000000000583e-02 2.264578819556738551e+02 5.764798653186396677e+02
4.000000000000000777e-02 2.206930833024875085e+02 5.764798653186396677e+02
5.000000000000000278e-02 2.149282846493010766e+02 5.764798653186408046e+02
6.000000000000001166e-02 2.091634859961147015e+02 5.764798653186396677e+02
6.999999999999999278e-02 2.033986873429282980e+02 5.764798653186396677e+02
8.000000000000001554e-02 1.976338886897419229e+02 5.764798653186396677e+02
8.999999999999999667e-02 1.918690900365554910e+02 5.764798653186396677e+02
1.000000000000000056e-01 1.861042913833691159e+02 5.764798653186396677e+02
1.099999999999999867e-01 1.803394927301826840e+02 5.764798653186408046e+02
1.200000000000000233e-01 1.745746940769963089e+02 5.764798653186396677e+02
1.300000000000000044e-01 1.688098954238099054e+02 5.764798653186396677e+02
1.399999999999999856e-01 1.630450967706235303e+02 5.764798653186396677e+02
1.500000000000000222e-01 1.572802981174371268e+02 5.764798653186396677e+02
1.600000000000000311e-01 1.515154994642507233e+02 5.764798653186396677e+02
1.700000000000000122e-01 1.457507008110643483e+02 5.764798653186396677e+02
1.799999999999999933e-01 1.399859021578779164e+02 5.764798653186396677e+02
1.900000000000000022e-01 1.342211035046915129e+02 5.764798653186396677e+02
2.000000000000000111e-01 1.284563048515051378e+02 5.764798653186396677e+02
2.099999999999999645e-01 1.226915061983187343e+02 5.764798653186384172e+02
2.199999999999999734e-01 1.169267075451323734e+02 5.764798653186384172e+02
2.299999999999999822e-01 1.111619088919459841e+02 5.764798653186408046e+02
2.400000000000000466e-01 1.053971102387595522e+02 5.764798653186408046e+02
2.500000000000000000e-01 9.963231158557316292e+01 5.764798653186396677e+02
2.600000000000000089e-01 9.386751293238675942e+01 5.764798653186396677e+02
2.700000000000000178e-01 8.810271427920037013e+01 5.764798653186396677e+02
2.799999999999999711e-01 8.233791562601398084e+01 5.764798653186396677e+02
2.899999999999999800e-01 7.657311697282757734e+01 5.764798653186396677e+02
3.000000000000000444e-01 7.080831831964117384e+01 5.764798653186384172e+02
3.099999999999999978e-01 6.504351966645481298e+01 5.764798653186396677e+02
3.200000000000000622e-01 5.927872101326838816e+01 5.764798653186413731e+02
3.300000000000000711e-01 5.351392236008198466e+01 5.764798653186396677e+02
3.400000000000000244e-01 4.774912370689559538e+01 5.764798653186398951e+02
3.500000000000000333e-01 4.198432505370918477e+01 5.764798653186396677e+02
3.599999999999999867e-01 3.621952640052280259e+01 5.764798653186396677e+02
3.700000000000000511e-01 3.045472774733639554e+01 5.764798653186394404e+02
3.800000000000000044e-01 2.468992909415002046e+01 5.764798653186394404e+02
3.900000000000000688e-01 1.892513044096360630e+01 5.764798653186395541e+02
4.000000000000000222e-01 1.316033178777722945e+01 4.298542641410068086e+02
4.099999999999999756e-01 1.032804515814347113e+01 2.501291567972499763e+02
4.199999999999999289e-01 8.157748651832230635e+00 1.963339707155610085e+02
4.299999999999999933e-01 6.401365743832250210e+00 1.610299085545533160e+02
4.399999999999999467e-01 4.937150480741164138e+00 1.346161791024353249e+02
4.500000000000000111e-01 3.709042161783543623e+00 1.126421866427536855e+02
4.599999999999999645e-01 2.684306747886089806e+00 9.386323211092907570e+01
4.700000000000000289e-01 1.831777519564962375e+00 7.789423148318023493e+01
4.800000000000000933e-01 1.126422118222484947e+00 6.403012125395595433e+01
4.900000000000000466e-01 5.511750944858436752e-01 5.193827360157743556e+01
5.000000000000000000e-01 8.765664619093627152e-02 4.170997638277952291e+01
5.100000000000000089e-01 -2.830244331697468474e-01 3.342042561225410680e+01
5.200000000000000178e-01 -5.807518660541458599e-01 2.680854601055724018e+01
5.300000000000000266e-01 -8.191953533808915555e-01 2.140146834065043890e+01
5.400000000000000355e-01 -1.008781232867154598e+00 1.684096395104188915e+01
5.500000000000000444e-01 -1.156014632401729081e+00 1.286402419746716674e+01
5.599999999999999423e-01 -1.266061716816497817e+00 9.316990759767509900e+00
5.699999999999999512e-01 -1.342354447597079448e+00 6.156433098946411775e+00
5.799999999999999600e-01 -1.389190378795426062e+00 3.425808490189059530e+00
5.899999999999999689e-01 -1.410870617400860505e+00 1.154063523549937020e+00
6.000000000000000888e-01 -1.412271649266424900e+00 -6.542306280969830690e-01
6.099999999999999867e-01 -1.397786004838921015e+00 -2.017098092424736144e+00
6.199999999999999956e-01 -1.371929687417930088e+00 -3.058098916623734009e+00
6.300000000000001155e-01 -1.336624026506446405e+00 -3.978452757816433039e+00
6.400000000000001243e-01 -1.292360632261601472e+00 -4.810211813846574813e+00
6.500000000000000222e-01 -1.240419790229514652e+00 -5.524419020626007537e+00
6.600000000000001421e-01 -1.181872251849081179e+00 -6.077233943189871646e+00
6.700000000000000400e-01 -1.118875111365717379e+00 -6.396172000642560640e+00
6.800000000000000488e-01 -1.053948811836230126e+00 -6.416730710331925991e+00
6.899999999999999467e-01 -9.905404971590788810e-01 -6.165556898950486087e+00
7.000000000000000666e-01 -9.306376738572204044e-01 -5.769719730445401318e+00
7.099999999999999645e-01 -8.751461025501708901e-01 -5.337666582000077042e+00
7.199999999999999734e-01 -8.238843422172189568e-01 -4.922905444533989261e+00
7.299999999999999822e-01 -7.766879936594910383e-01 -4.545923263608500520e+00
7.400000000000001021e-01 -7.329658769450488887e-01 -4.204053502336776660e+00
7.500000000000000000e-01 -6.926069236127556650e-01 -3.873009786606719906e+00
7.600000000000000089e-01 -6.555056812129145261e-01 -3.555401357146974028e+00
7.700000000000000178e-01 -6.214988964698161533e-01 -3.291993569650616625e+00
7.800000000000001377e-01 -5.896658098199022424e-01 -3.096985960385538306e+00
7.900000000000000355e-01 -5.595591772621053561e-01 -2.932990763249459398e+00
8.000000000000000444e-01 -5.310059945549130411e-01 -2.783828197999187015e+00
8.100000000000001643e-01 -5.038826133021215847e-01 -2.603257187591881294e+00
8.199999999999999512e-01 -4.789408508030753575e-01 -2.386413430917926348e+00
8.300000000000000711e-01 -4.561543446837630911e-01 -2.174205684584091358e+00
8.399999999999998579e-01 -4.354567371113935992e-01 -1.986104153131922345e+00
8.500000000000000888e-01 -4.164322616211246220e-01 -1.826158979199032917e+00
8.599999999999999867e-01 -3.989335575274128853e-01 -1.709716008271812582e+00
8.699999999999999956e-01 -3.822379414556883459e-01 -1.638690129915413518e+00
8.799999999999998934e-01 -3.661597549291046305e-01 -1.582276928346099121e+00
8.900000000000001243e-01 -3.505924028887664190e-01 -1.519500835478197143e+00
9.000000000000000222e-01 -3.357697382195407032e-01 -1.445724395345537872e+00
9.100000000000000311e-01 -3.216779149818556616e-01 -1.364034157734398178e+00
9.199999999999999289e-01 -3.084890550648527463e-01 -1.288305951004602434e+00
9.300000000000001599e-01 -2.959117959617635907e-01 -1.249724547354674531e+00
9.400000000000000577e-01 -2.834945641177592512e-01 -1.268415589536357801e+00
9.500000000000000666e-01 -2.705434841710364635e-01 -1.326579788941230520e+00
9.600000000000001865e-01 -2.569629683389346719e-01 -1.379814410095157040e+00
9.699999999999999734e-01 -2.429471959691332783e-01 -1.399353143482625406e+00
9.800000000000000933e-01 -2.289759054692821205e-01 -1.372955064424193683e+00
9.899999999999998801e-01 -2.154880946806494446e-01 -1.321450288207309587e+00
1.000000000000000000e+00 -2.025468997051359521e-01 -1.280836044731612722e+00
1.010000000000000009e+00 -1.898713737860171780e-01 -1.267188316125410275e+00
1.020000000000000018e+00 -1.772031333826277477e-01 -1.269118774494593538e+00
1.030000000000000027e+00 -1.644889982961253161e-01 -1.262945217794735120e+00
1.040000000000000036e+00 -1.519442290267330464e-01 -1.233014198327997857e+00
1.050000000000000044e+00 -1.398287143295653678e-01 -1.186803648898025809e+00
1.060000000000000053e+00 -1.282081560487725591e-01 -1.139580798359445035e+00
1.070000000000000062e+00 -1.170370983623764682e-01 -1.103565245277880580e+00
1.080000000000000071e+00 -1.061368511432149442e-01 -1.079743489884226859e+00
1.090000000000000080e+00 -9.544222856469193605e-02 -1.065926084411111363e+00
1.100000000000000089e+00 -8.481832945499270804e-02 -1.054924226964923939e+00
1.110000000000000098e+00 -7.434374402539345450e-02 -1.035613869211835958e+00
1.119999999999999885e+00 -6.410605207075599499e-02 -1.003034752390256079e+00
1.130000000000000115e+00 -5.428304897758833014e-02 -9.567979112648167250e-01
1.139999999999999902e+00 -4.497009384545967020e-02 -9.012941552989867100e-01
1.150000000000000133e+00 -3.625716587160859178e-02 -8.434590648266214741e-01
1.159999999999999920e+00 -2.810091254892723919e-02 -1.449829417112548979e+00
1.169999999999999929e+00 -7.260577529357614864e-03 -1.375660700614258714e+00
1.179999999999999938e+00 -5.876985366420658507e-04 -3.608705225407584649e-01
1.190000000000000169e+00 -4.316707854244520719e-05 -2.938492683210330164e-02
1.200000000000000178e+00 0.000000000000000000e+00 -4.316707854244520963e-03
