0.000000000000000000e+00 9.137788909651970926e+01 2.099590725032097112e+02
1.000000000000000194e-02 8.927829837148762238e+01 2.099590725032091143e+02
2.000000000000000389e-02 8.717870764645553550e+01 2.099590725032091143e+02
3.000000000000000583e-02 8.507911692142343441e+01 2.099590725032091143e+02
4.000000000000000777e-02 8.297952619639136174e+01 2.099590725032091143e+02
5.000000000000000278e-02 8.087993547135926065e+01 2.099590725032091143e+02
6.000000000000001166e-02 7.878034474632717377e+01 2.099590725032091143e+02
6.999999999999999278e-02 7.668075402129505846e+01 2.099590725032091143e+02
8.000000000000001554e-02 7.458116329626298580e+01 2.099590725032091143e+02
8.999999999999999667e-02 7.248157257123088471e+01 2.099590725032091143e+02
1.000000000000000056e-01 7.038198184619879783e+01 2.099590725032091143e+02
1.099999999999999867e-01 6.828239112116671095e+01 2.099590725032091143e+02
1.200000000000000233e-01 6.618280039613462407e+01 2.099590725032091143e+02
1.300000000000000044e-01 6.408320967110252298e+01 2.099590725032097112e+02
1.399999999999999856e-01 6.198361894607042899e+01 2.099590725032091143e+02
1.500000000000000222e-01 5.988402822103834211e+01 2.099590725032085174e+02
1.600000000000000311e-01 5.778443749600625523e+01 2.099590725032091143e+02
1.700000000000000122e-01 5.568484677097416125e+01 2.099590725032091143e+02
1.799999999999999933e-01 5.358525604594207437e+01 2.099590725032091143e+02
1.900000000000000022e-01 5.148566532090998038e+01 2.099590725032091143e+02
2.000000000000000111e-01 4.938607459587789350e+01 2.099590725032091143e+02
2.099999999999999645e-01 4.728648387084579241e+01 2.099590725032091143e+02
2.199999999999999734e-01 4.518689314581371264e+01 2.099590725032091143e+02
2.299999999999999822e-01 4.308730242078161154e+01 2.099590725032097112e+02
2.400000000000000466e-01 4.098771169574951756e+01 2.099590725032091143e+02
2.500000000000000000e-01 3.888812097071743068e+01 2.099590725032091143e+02
2.600000000000000089e-01 3.678853024568532959e+01 2.099590725032091143e+02
2.700000000000000178e-01 3.468893952065324982e+01 2.099590725032088585e+02
2.799999999999999711e-01 3.258934879562115583e+01 2.099590725032091143e+02
2.899999999999999800e-01 3.048975807058906895e+01 2.099590725032091143e+02
3.000000000000000444e-01 2.839016734555697496e+01 2.099590725032088585e+02
3.099999999999999978e-01 2.629057662052489164e+01 2.099590725032091143e+02
3.200000000000000622e-01 2.419098589549279055e+01 2.099590725032097112e+02
3.300000000000000711e-01 2.209139517046069656e+01 2.099590725032091143e+02
3.400000000000000244e-01 1.999180444542860968e+01 2.099590725032091143e+02
3.500000000000000333e-01 1.789221372039651214e+01 2.099590725032089722e+02
3.599999999999999867e-01 1.579262299536443059e+01 2.099590725032089722e+02
3.700000000000000511e-01 1.369303227033233306e+01 2.099590725032091143e+02
3.800000000000000044e-01 1.159344154530024973e+01 2.099590725032091143e+02
3.900000000000000688e-01 9.493850820268152191e+00 2.099590725032090575e+02
4.000000000000000222e-01 7.394260095236067976e+00 1.806253499155163240e+02
4.099999999999999756e-01 5.881343821957826457e+00 1.351592271245920642e+02
4.199999999999999289e-01 4.691075552744227828e+00 1.078604162248717415e+02
4.299999999999999933e-01 3.724135497460391075e+00 8.813383241318730654e+01
4.399999999999999467e-01 2.928398904480480791e+00 7.262094929818603362e+01
4.500000000000000111e-01 2.271716511496670865e+00 5.982237955069064839e+01
4.599999999999999645e-01 1.731951313466668196e+00 4.906309270192196692e+01
4.700000000000000289e-01 1.290454657458231624e+00 4.003573120190767298e+01
4.800000000000000933e-01 9.312366894285147856e-01 3.241973542176651790e+01
4.900000000000000466e-01 6.420599490229010886e-01 2.592083440531272842e+01
5.000000000000000000e-01 4.128200013222600995e-01 2.043973919983291765e+01
5.100000000000000089e-01 2.332651650262428378e-01 1.592403551813495710e+01
5.200000000000000178e-01 9.433929095956104793e-02 1.222274742176325901e+01
5.300000000000000266e-01 -1.118978340902232124e-02 9.156808927113349483e+00
5.400000000000000355e-01 -8.879688758270591620e-02 6.613894019644194877e+00
5.500000000000000444e-01 -1.434676638019062034e-01 4.505741324951511473e+00
5.599999999999999423e-01 -1.789117140817361451e-01 2.751645432084032450e+00
5.699999999999999512e-01 -1.985005724435868479e-01 1.286913184739394866e+00
5.799999999999999600e-01 -2.046499777765240224e-01 5.448439100715606748e-02
5.899999999999999689e-01 -1.995902602637299739e-01 -9.790365763348396477e-01
6.000000000000000888e-01 -1.850692462498272628e-01 -1.793771369220620082e+00
6.099999999999999867e-01 -1.637148328793175678e-01 -2.349595718946242418e+00
6.199999999999999956e-01 -1.380773318709024033e-01 -2.654046798437377674e+00
6.300000000000001155e-01 -1.106338969105700037e-01 -2.743055051668580990e+00
6.400000000000001243e-01 -8.321623083753076910e-02 -2.641023225792944018e+00
6.500000000000000222e-01 -5.781343239471113671e-02 -2.400242610334689886e+00
6.600000000000001421e-01 -3.521137863083698832e-02 -2.126016384289810102e+00
6.700000000000000400e-01 -1.529310470891494765e-02 -1.886433763658314833e+00
6.800000000000000488e-01 2.517296642329305660e-03 -1.665389040061043158e+00
6.899999999999999467e-01 1.801467609230590974e-02 -1.440715069723189634e+00
7.000000000000000666e-01 3.133159803679309852e-02 -1.235554061315901286e+00
7.099999999999999645e-01 4.272575731862394283e-02 -1.062666439905284976e+00
7.199999999999999734e-01 5.258492683489879999e-02 -9.223230881772047640e-01
7.299999999999999822e-01 6.117221908216802922e-02 -8.005450464248241582e-01
7.400000000000001021e-01 6.859582776339527566e-02 -6.884329627685520370e-01
7.500000000000000000e-01 7.494087833753906858e-02 -5.860804866332540719e-01
7.600000000000000089e-01 8.031743749606035099e-02 -5.005787715049735409e-01
7.700000000000000178e-01 8.495245376763854717e-02 -4.341491412432028629e-01
7.800000000000001377e-01 8.900042032092440880e-02 -3.822718520970252443e-01
7.900000000000000355e-01 9.259789080957904484e-02 -3.475158101224931073e-01
8.000000000000000444e-01 9.595073652337428316e-02 -3.262071854800571158e-01
8.100000000000001643e-01 9.912203451918018271e-02 -2.894325791981618434e-01
8.199999999999999512e-01 1.017393881073375139e-01 -2.211688348766905343e-01
8.300000000000000711e-01 1.035454112167139978e-01 -1.368758720716015953e-01
8.399999999999998579e-01 1.044769055487695386e-01 -7.383586502648960270e-02
8.500000000000000888e-01 1.050221285172437957e-01 -3.882898773721696339e-02
8.599999999999999867e-01 1.052534853035138745e-01 -1.105471953318660529e-02
8.699999999999999956e-01 1.052432229079075104e-01 1.685256689182298290e-02
8.799999999999998934e-01 1.049164339656774303e-01 4.203525037374435114e-02
8.900000000000001243e-01 1.044025179004326315e-01 6.495669431886315348e-02
9.000000000000000222e-01 1.036173000793001592e-01 9.141772464050290647e-02
9.100000000000000311e-01 1.025741634076225844e-01 1.183187999531510465e-01
9.199999999999999289e-01 1.012509240802371424e-01 1.382220104669980576e-01
9.300000000000001599e-01 9.980972319828261552e-02 1.536990041219554459e-01
9.400000000000000577e-01 9.817694399779804126e-02 1.708775610253483179e-01
9.500000000000000666e-01 9.639217197777565083e-02 1.922057851183698318e-01
9.600000000000001865e-01 9.433282829543063186e-02 2.145167073191936169e-01
9.699999999999999734e-01 9.210183783139178071e-02 2.310464429057269842e-01
9.800000000000000933e-01 8.971189943731609773e-02 2.437672405500085071e-01
9.899999999999998801e-01 8.722649302039160724e-02 2.559406379132965759e-01
1.000000000000000000e+00 8.459308667905016121e-02 2.673806148423754636e-01
1.010000000000000009e+00 8.187888072354410074e-02 2.739811436757167429e-01
1.020000000000000018e+00 7.911346380553584134e-02 2.820489536093898075e-01
1.030000000000000027e+00 7.623790165135631292e-02 3.004564078809753846e-01
1.040000000000000036e+00 7.310433564791632421e-02 3.252730601928233156e-01
1.050000000000000044e+00 6.973244044749984938e-02 3.475225027588074167e-01
1.060000000000000053e+00 6.615388559274017199e-02 3.676626344368894572e-01
1.070000000000000062e+00 6.237918775876204885e-02 3.882862998204534288e-01
1.080000000000000071e+00 5.838815959633110453e-02 4.085065991051611278e-01
1.090000000000000080e+00 5.420905577665882658e-02 4.260678271654976812e-01
1.100000000000000089e+00 4.986680305302115118e-02 4.425464747828477541e-01
1.110000000000000098e+00 4.535812628100187316e-02 4.596019650658202949e-01
1.119999999999999885e+00 4.067476375170474973e-02 4.774030227521764980e-01
1.130000000000000115e+00 3.581006582595833848e-02 4.940667796630533459e-01
1.139999999999999902e+00 3.079342815844367948e-02 5.069585100343975137e-01
1.150000000000000133e+00 2.567089562527039362e-02 5.157547499145953562e-01
1.159999999999999920e+00 2.047833316015177166e-02 9.597187516522825979e-01
1.169999999999999929e+00 6.476520592224743571e-03 9.850371472646113347e-01
1.179999999999999938e+00 7.775902148595472416e-04 3.205627793707870321e-01
1.190000000000000169e+00 6.526500480900302836e-05 3.887951074297736620e-02
1.200000000000000178e+00 0.000000000000000000e+00 6.526500480900304137e-03
