0.000000000000000000e+00 1.561182541009634406e+02 4.300320959265428087e+02
1.000000000000000194e-02 1.518179331416980347e+02 4.300320959265404213e+02
2.000000000000000389e-02 1.475176121824326287e+02 4.300320959265404213e+02
3.000000000000000583e-02 1.432172912231672228e+02 4.300320959265404213e+02
4.000000000000000777e-02 1.389169702639018169e+02 4.300320959265391707e+02
5.000000000000000278e-02 1.346166493046364394e+02 4.300320959265404213e+02
6.000000000000001166e-02 1.303163283453710335e+02 4.300320959265415581e+02
6.999999999999999278e-02 1.260160073861055849e+02 4.300320959265404213e+02
8.000000000000001554e-02 1.217156864268402074e+02 4.300320959265404213e+02
8.999999999999999667e-02 1.174153654675747873e+02 4.300320959265415581e+02
1.000000000000000056e-01 1.131150445083093814e+02 4.300320959265404213e+02
1.099999999999999867e-01 1.088147235490439755e+02 4.300320959265404213e+02
1.200000000000000233e-01 1.045144025897785696e+02 4.300320959265404213e+02
1.300000000000000044e-01 1.002140816305131779e+02 4.300320959265404213e+02
1.399999999999999856e-01 9.591376067124777194e+01 4.300320959265404213e+02
1.500000000000000222e-01 9.161343971198236602e+01 4.300320959265404213e+02
1.600000000000000311e-01 8.731311875271696010e+01 4.300320959265404213e+02
1.700000000000000122e-01 8.301279779345155418e+01 4.300320959265404213e+02
1.799999999999999933e-01 7.871247683418614827e+01 4.300320959265404213e+02
1.900000000000000022e-01 7.441215587492075656e+01 4.300320959265404213e+02
2.000000000000000111e-01 7.011183491565535064e+01 4.300320959265404213e+02
2.099999999999999645e-01 6.581151395638994472e+01 4.300320959265404213e+02
2.199999999999999734e-01 6.151119299712453170e+01 4.300320959265404213e+02
2.299999999999999822e-01 5.721087203785913289e+01 4.300320959265411034e+02
2.400000000000000466e-01 5.291055107859371986e+01 4.300320959265411034e+02
2.500000000000000000e-01 4.861023011932831395e+01 4.300320959265404213e+02
2.600000000000000089e-01 4.430990916006290803e+01 4.300320959265404213e+02
2.700000000000000178e-01 4.000958820079750922e+01 4.300320959265404213e+02
2.799999999999999711e-01 3.570926724153210330e+01 4.300320959265404213e+02
2.899999999999999800e-01 3.140894628226669738e+01 4.300320959265404213e+02
3.000000000000000444e-01 2.710862532300129502e+01 4.300320959265398528e+02
3.099999999999999978e-01 2.280830436373590331e+01 4.300320959265404213e+02
3.200000000000000622e-01 1.850798340447048673e+01 4.300320959265417287e+02
3.300000000000000711e-01 1.420766244520506838e+01 4.300320959265404213e+02
3.400000000000000244e-01 9.907341485939678449e+00 3.337089931649524601e+02
3.500000000000000333e-01 7.533482581906019604e+00 2.051574855166396674e+02
3.599999999999999867e-01 5.804191775606885706e+00 1.550812140151840879e+02
3.700000000000000511e-01 4.431858301602337846e+00 1.250424442468293620e+02
3.800000000000000044e-01 3.303342890670298626e+00 1.037192271451381487e+02
3.900000000000000688e-01 2.357473758699574429e+00 8.726052129084939679e+01
4.000000000000000222e-01 1.558132464853310806e+00 7.400855576263381863e+01
4.099999999999999756e-01 8.773026434468984558e-01 6.323601591478099948e+01
4.199999999999999289e-01 2.934121465576908783e-01 5.414128319246040633e+01
4.299999999999999933e-01 -2.055230204023096863e-01 4.588619980826408806e+01
4.399999999999999467e-01 -6.243118496075908963e-01 3.791692712024961764e+01
4.500000000000000111e-01 -9.638615628073020636e-01 2.997344072915678481e+01
4.599999999999999645e-01 -1.223780664190726508e+00 2.206201044036476944e+01
4.700000000000000289e-01 -1.405101771614597261e+00 1.451267454570456295e+01
4.800000000000000933e-01 -1.514034155104817536e+00 7.871998566509277317e+00
4.900000000000000466e-01 -1.562541742944782763e+00 2.721308924634829651e+00
5.000000000000000000e-01 -1.568460333597514023e+00 -6.296776534873078646e-01
5.100000000000000089e-01 -1.549948189875036686e+00 -2.294010806632187816e+00
5.200000000000000178e-01 -1.522580117464870542e+00 -2.765787964373094265e+00
5.300000000000000266e-01 -1.494632430587574889e+00 -2.709571503329119668e+00
5.400000000000000355e-01 -1.468388687398288095e+00 -2.682416292472202368e+00
5.500000000000000444e-01 -1.440984104738130656e+00 -2.934610067848735682e+00
5.599999999999999423e-01 -1.409696486041313257e+00 -3.512145298090309620e+00
5.699999999999999512e-01 -1.370741198776324499e+00 -4.251542746665938566e+00
5.799999999999999600e-01 -1.324665631107994512e+00 -4.769544180471762651e+00
5.899999999999999689e-01 -1.275350315166889237e+00 -4.762139327841020453e+00
6.000000000000000888e-01 -1.229422844551174121e+00 -4.161388659697407455e+00
6.099999999999999867e-01 -1.192122541972941097e+00 -2.972864896643181876e+00
6.199999999999999956e-01 -1.169965546618310537e+00 -1.241256430645279574e+00
6.300000000000001155e-01 -1.167297413360035563e+00 7.104334248861370327e-01
6.400000000000001243e-01 -1.184174215116033269e+00 2.238037174775235005e+00
6.500000000000000222e-01 -1.212058156855540192e+00 2.679800349023748307e+00
6.600000000000001421e-01 -1.237770222096508110e+00 1.858348938473020517e+00
6.700000000000000400e-01 -1.249225135625000815e+00 3.533063297144743188e-03
6.800000000000000488e-01 -1.237840883362451017e+00 -2.624891105646249390e+00
6.899999999999999467e-01 -1.196727313512075730e+00 -5.670827543400134729e+00
7.000000000000000666e-01 -1.124424332494448509e+00 -8.477186010453186427e+00
7.099999999999999645e-01 -1.027183593303012010e+00 -1.039995749539757419e+01
7.199999999999999734e-01 -9.164251825864969669e-01 -1.124591526909281924e+01
7.299999999999999822e-01 -8.022652879211555899e-01 -1.125460378225446867e+01
7.400000000000001021e-01 -6.913331069414077046e-01 -1.079174222002391836e+01
7.500000000000000000e-01 -5.864304435206773025e-01 -1.005595585534276459e+01
7.600000000000000089e-01 -4.902139898345523883e-01 -9.078215655317885435e+00
7.700000000000000178e-01 -4.048661304143195694e-01 -7.813070996983819683e+00
7.800000000000001377e-01 -3.339525698948759835e-01 -6.186007784909351770e+00
7.900000000000000355e-01 -2.811459747161325073e-01 -4.296232560537162293e+00
8.000000000000000444e-01 -2.480279186841327643e-01 -2.464186061829782393e+00
8.100000000000001643e-01 -2.318622534795369006e-01 -1.122176995508869179e+00
8.199999999999999512e-01 -2.255843787739553741e-01 -4.390212958709736601e-01
8.300000000000000711e-01 -2.230818275621174185e-01 -1.752566225016941870e-01
8.399999999999998579e-01 -2.220792463239215087e-01 6.399616150553050220e-02
8.500000000000000888e-01 -2.243617507922280041e-01 5.116007068734811369e-01
8.599999999999999867e-01 -2.323112604613911114e-01 1.144874790965304756e+00
8.699999999999999956e-01 -2.472592466115341170e-01 1.795469124619777368e+00
8.799999999999998934e-01 -2.682206429537866699e-01 2.287385756675169191e+00
8.900000000000001243e-01 -2.930069617450375419e-01 2.437993895140579514e+00
9.000000000000000222e-01 -3.169805208565982246e-01 2.213813201919804907e+00
9.100000000000000311e-01 -3.372832257834336156e-01 1.702894344123977222e+00
9.199999999999999289e-01 -3.510384077390777957e-01 1.033913702224424469e+00
9.300000000000001599e-01 -3.579614998279220806e-01 3.273227337117008418e-01
9.400000000000000577e-01 -3.575848624133118325e-01 -3.459712625992505952e-01
9.500000000000000666e-01 -3.510420745759371131e-01 -8.273814524785814140e-01
9.600000000000001865e-01 -3.410372333637401998e-01 -1.055563234056808408e+00
9.699999999999999734e-01 -3.299308098948009471e-01 -1.155561540270337639e+00
9.800000000000000933e-01 -3.179260025583334759e-01 -1.312428984706874413e+00
9.899999999999998801e-01 -3.036822302006634278e-01 -1.579087993095264819e+00
1.000000000000000000e+00 -2.863442426964281640e-01 -1.921554555165855049e+00
1.010000000000000009e+00 -2.652511390973463223e-01 -2.312509365773052217e+00
1.020000000000000018e+00 -2.400940553809670919e-01 -2.677272772170237847e+00
1.030000000000000027e+00 -2.117056836539415732e-01 -2.867358030680491332e+00
1.040000000000000036e+00 -1.827468947673572819e-01 -2.765745439929276905e+00
1.050000000000000044e+00 -1.563907748553560462e-01 -2.350214855586558738e+00
1.060000000000000053e+00 -1.357425976556261016e-01 -1.768370554925225768e+00
1.070000000000000062e+00 -1.210233637568515347e-01 -1.163760178850338001e+00
1.080000000000000071e+00 -1.124673940786193316e-01 -7.964302661240940662e-01
1.090000000000000080e+00 -1.050947584343696617e-01 -8.494354290797133666e-01
1.100000000000000089e+00 -9.547868549702508145e-02 -1.124979090434145235e+00
1.110000000000000098e+00 -8.259517662568674479e-02 -1.458989874494081906e+00
1.119999999999999885e+00 -6.629888800714343888e-02 -1.724469857541059303e+00
1.130000000000000115e+00 -4.810577947486556483e-02 -1.811771059677643736e+00
1.139999999999999902e+00 -3.006346681359056347e-02 -1.706572385424362404e+00
1.150000000000000133e+00 -1.397433176637831453e-02 -1.406266131156361121e+00
1.159999999999999920e+00 -1.938144190463344683e-03 -9.248176563494797664e-01
1.169999999999999929e+00 4.522021360611283222e-03 -1.384568193302473660e-01
1.179999999999999938e+00 8.309921961416023243e-04 2.225611767323403545e-01
1.190000000000000169e+00 7.079782596447645410e-05 4.154960980708011231e-02
1.200000000000000178e+00 0.000000000000000000e+00 7.079782596447646223e-03
