0.000000000000000000e+00 1.399589924946949679e+02 4.432396001014548119e+02
1.000000000000000194e-02 1.355265964936804153e+02 4.432396001014535614e+02
2.000000000000000389e-02 1.310942004926658910e+02 4.432396001014524245e+02
3.000000000000000583e-02 1.266618044916513810e+02 4.432396001014535614e+02
4.000000000000000777e-02 1.222294084906368425e+02 4.432396001014535614e+02
5.000000000000000278e-02 1.177970124896223183e+02 4.432396001014535614e+02
6.000000000000001166e-02 1.133646164886077656e+02 4.432396001014535614e+02
6.999999999999999278e-02 1.089322204875932414e+02 4.432396001014529929e+02
8.000000000000001554e-02 1.044998244865787029e+02 4.432396001014529929e+02
8.999999999999999667e-02 1.000674284855641787e+02 4.432396001014529929e+02
1.000000000000000056e-01 9.563503248454965444e+01 4.432396001014529929e+02
1.099999999999999867e-01 9.120263648353513020e+01 4.432396001014535614e+02
1.200000000000000233e-01 8.677024048252057753e+01 4.432396001014535614e+02
1.300000000000000044e-01 8.233784448150605328e+01 4.432396001014529929e+02
1.399999999999999856e-01 7.790544848049151483e+01 4.432396001014535614e+02
1.500000000000000222e-01 7.347305247947697637e+01 4.432396001014529929e+02
1.600000000000000311e-01 6.904065647846245213e+01 4.432396001014529929e+02
1.700000000000000122e-01 6.460826047744792788e+01 4.432396001014535614e+02
1.799999999999999933e-01 6.017586447643338943e+01 4.432396001014535614e+02
1.900000000000000022e-01 5.574346847541885808e+01 4.432396001014529929e+02
2.000000000000000111e-01 5.131107247440433383e+01 4.432396001014527087e+02
2.099999999999999645e-01 4.687867647338980248e+01 4.432396001014529929e+02
2.199999999999999734e-01 4.244628047237527113e+01 4.432396001014532771e+02
2.299999999999999822e-01 3.801388447136073268e+01 4.432396001014542435e+02
2.400000000000000466e-01 3.358148847034618711e+01 4.432396001014538456e+02
2.500000000000000000e-01 2.914909246933165576e+01 4.432396001014529929e+02
2.600000000000000089e-01 2.471669646831712797e+01 4.432396001014532771e+02
2.700000000000000178e-01 2.028430046730259306e+01 4.432396001014532771e+02
2.799999999999999711e-01 1.585190446628806171e+01 4.432396001014531066e+02
2.899999999999999800e-01 1.141950846527353036e+01 4.432396001014531066e+02
3.000000000000000444e-01 6.987112464258999012e+00 3.045960357919853436e+02
3.099999999999999978e-01 5.327587749433823738e+00 1.428428406749885369e+02
3.200000000000000622e-01 4.130255650759228736e+00 1.076801027611851254e+02
3.300000000000000711e-01 3.173985694210121444e+00 8.682295912179208131e+01
3.400000000000000244e-01 2.393796468323387217e+00 7.089376154251866069e+01
3.500000000000000333e-01 1.756110463359748186e+00 5.786259379299794148e+01
3.599999999999999867e-01 1.236544592463428405e+00 4.702408040188618088e+01
3.700000000000000511e-01 8.156288553220246706e-01 3.790456530989401784e+01
3.800000000000000044e-01 4.784532862655480612e-01 3.002720829836508898e+01
3.900000000000000688e-01 2.150846893547229965e-01 2.309564811284404584e+01
4.000000000000000222e-01 1.654032400866720098e-02 1.709178998248498615e+01
4.099999999999999756e-01 -1.267511102949767376e-01 1.204947304649454409e+01
4.199999999999999289e-01 -2.244491369212236465e-01 7.905863208567759592e+00
4.299999999999999933e-01 -2.848683744663318973e-01 4.525962810768188405e+00
4.399999999999999467e-01 -3.149683931365873657e-01 1.803507310002796515e+00
4.500000000000000111e-01 -3.209385206663878387e-01 -3.284215791892308167e-01
4.599999999999999645e-01 -3.083999615528028038e-01 -1.931044071744694612e+00
4.700000000000000289e-01 -2.823176392314939442e-01 -3.037536905779591567e+00
4.800000000000000933e-01 -2.476492234372109635e-01 -3.677567637851819171e+00
4.900000000000000466e-01 -2.087662864744575797e-01 -3.922515696807634455e+00
5.000000000000000000e-01 -1.691989095010582589e-01 -3.905232007554175766e+00
5.100000000000000089e-01 -1.306616463233740699e-01 -3.765227790736934477e+00
5.200000000000000178e-01 -9.389435368631958434e-02 -3.573631405467881716e+00
5.300000000000000266e-01 -5.918901821401643948e-02 -3.321591587983315108e+00
5.400000000000000355e-01 -2.746252192665328204e-02 -2.997308822633794723e+00
5.500000000000000444e-01 7.571582386594450341e-04 -2.637771479363184124e+00
5.599999999999999423e-01 2.529290766061040654e-02 -2.317993579385724701e+00
5.699999999999999512e-01 4.711702982637393927e-02 -2.064757932041277666e+00
5.799999999999999600e-01 6.658806630143596084e-02 -1.854625592759623132e+00
5.899999999999999689e-01 8.420954168156639941e-02 -1.687386455209006542e+00
6.000000000000000888e-01 1.003357954056160739e-01 -1.556166594530141278e+00
6.099999999999999867e-01 1.153328735721692311e-01 -1.440049088375155772e+00
6.199999999999999956e-01 1.291367771731191938e-01 -1.304095411935770388e+00
6.300000000000001155e-01 1.414147818108846266e-01 -1.126814505306196201e+00
6.400000000000001243e-01 1.516730672792431234e-01 -9.297154673734187025e-01
6.500000000000000222e-01 1.600090911583529896e-01 -7.317591265631322450e-01
6.600000000000001421e-01 1.663082498105057649e-01 -5.549592020757476707e-01
6.700000000000000400e-01 1.711082751998679596e-01 -4.226863241771389168e-01
6.800000000000000488e-01 1.747619762940485488e-01 -3.471786410698028957e-01
6.899999999999999467e-01 1.780518480212640309e-01 -3.199662929399099132e-01
7.000000000000000666e-01 1.811613021528467316e-01 -3.005601897164669745e-01
7.099999999999999645e-01 1.840630518155933482e-01 -2.698411347940223304e-01
7.199999999999999734e-01 1.865581248487271915e-01 -2.252340959898926909e-01
7.299999999999999822e-01 1.885677337353912075e-01 -1.811290452895183978e-01
7.400000000000001021e-01 1.901807057545175650e-01 -1.486327693264445360e-01
7.500000000000000000e-01 1.915403891219200905e-01 -1.035400121531134393e-01
7.600000000000000089e-01 1.922515059975798413e-01 -1.675705391164564184e-02
7.700000000000000178e-01 1.918755302001530216e-01 1.027631859760696903e-01
7.800000000000001377e-01 1.901962422780584250e-01 2.192668732676371912e-01
7.900000000000000355e-01 1.874901927348002761e-01 3.165787248368958640e-01
8.000000000000000444e-01 1.838646677813205177e-01 3.988461722851965319e-01
8.100000000000001643e-01 1.795132692890963333e-01 4.445669979423214069e-01
8.199999999999999512e-01 1.749733278224740729e-01 4.482394159634244812e-01
8.300000000000000711e-01 1.705484809698278315e-01 4.417309956856967923e-01
8.399999999999998579e-01 1.661387079087601470e-01 4.452240999648544584e-01
8.500000000000000888e-01 1.616439989705307778e-01 4.471151412835599470e-01
8.599999999999999867e-01 1.571964050830889359e-01 4.382594444030495917e-01
8.699999999999999956e-01 1.528788100824697849e-01 4.277808998851412303e-01
8.799999999999998934e-01 1.486407870853861113e-01 4.224072513261820094e-01
8.900000000000001243e-01 1.444306650559461225e-01 4.160134636480156689e-01
9.000000000000000222e-01 1.403205178124257990e-01 4.068281692902037117e-01
9.100000000000000311e-01 1.362941016701420538e-01 3.972571369230815663e-01
9.199999999999999289e-01 1.323753750739641577e-01 3.874274203212142442e-01
9.300000000000001599e-01 1.285455532637177767e-01 3.856510458620940329e-01
9.400000000000000577e-01 1.246623541567223048e-01 3.916702352463552472e-01
9.500000000000000666e-01 1.207121485587906579e-01 3.985105458114028831e-01
9.600000000000001865e-01 1.166921432404942477e-01 4.039114699145817666e-01
9.699999999999999734e-01 1.126339191604990297e-01 4.130054863894392359e-01
9.800000000000000933e-01 1.084320335127054585e-01 4.247328523660656163e-01
9.899999999999998801e-01 1.041392621131777135e-01 4.354027679894428293e-01
1.000000000000000000e+00 9.972397815291660084e-02 4.544260204995564933e-01
1.010000000000000009e+00 9.505074170318658644e-02 4.837707181134598411e-01
1.020000000000000018e+00 9.004856379064742067e-02 5.097949806541480777e-01
1.030000000000000027e+00 8.485484209010363266e-02 5.222809655353887193e-01
1.040000000000000036e+00 7.960294447993962463e-02 5.221832067996450277e-01
1.050000000000000044e+00 7.441117795411072988e-02 5.180582952101820959e-01
1.060000000000000053e+00 6.924177857573599049e-02 5.158807469086547082e-01
1.070000000000000062e+00 6.409356301593763239e-02 5.180605563314425455e-01
1.080000000000000071e+00 5.888056744910714208e-02 5.231192679078107144e-01
1.090000000000000080e+00 5.363117765778142865e-02 5.246165528251161003e-01
1.100000000000000089e+00 4.838823639260482479e-02 5.206895140280943801e-01
1.110000000000000098e+00 4.321738737721954327e-02 5.123992298149867564e-01
1.119999999999999885e+00 3.814025179630509133e-02 5.023836330159419106e-01
1.130000000000000115e+00 3.316971471690070145e-02 4.918134372290770551e-01
1.139999999999999902e+00 2.830398305172354689e-02 4.824948898938441477e-01
1.150000000000000133e+00 2.351981691902382127e-02 4.763980133611531165e-01
1.159999999999999920e+00 1.877602278450048526e-02 8.846113929382370955e-01
1.169999999999999929e+00 5.827589060259076581e-03 9.043928270109921064e-01
1.179999999999999938e+00 6.881662442806471807e-04 2.884892106415589685e-01
1.190000000000000169e+00 5.780484742789891484e-05 3.440831221403236467e-02
1.200000000000000178e+00 0.000000000000000000e+00 5.780484742789891023e-03
