0.000000000000000000e+00 7.688000593676714800e+01 2.392439870869635570e+02
1.000000000000000194e-02 7.448756606589749651e+01 2.392439870869629317e+02
2.000000000000000389e-02 7.209512619502787345e+01 2.392439870869623633e+02
3.000000000000000583e-02 6.970268632415826460e+01 2.392439870869623633e+02
4.000000000000000777e-02 6.731024645328862732e+01 2.392439870869629317e+02
5.000000000000000278e-02 6.491780658241899005e+01 2.392439870869629317e+02
6.000000000000001166e-02 6.252536671154937409e+01 2.392439870869623633e+02
6.999999999999999278e-02 6.013292684067974392e+01 2.392439870869629317e+02
8.000000000000001554e-02 5.774048696981011375e+01 2.392439870869623633e+02
8.999999999999999667e-02 5.534804709894050490e+01 2.392439870869623633e+02
1.000000000000000056e-01 5.295560722807086762e+01 2.392439870869626475e+02
1.099999999999999867e-01 5.056316735720124456e+01 2.392439870869626475e+02
1.200000000000000233e-01 4.817072748633161439e+01 2.392439870869629317e+02
1.300000000000000044e-01 4.577828761546199132e+01 2.392439870869626475e+02
1.399999999999999856e-01 4.338584774459236826e+01 2.392439870869629317e+02
1.500000000000000222e-01 4.099340787372273098e+01 2.392439870869626475e+02
1.600000000000000311e-01 3.860096800285310792e+01 2.392439870869626475e+02
1.700000000000000122e-01 3.620852813198347775e+01 2.392439870869626475e+02
1.799999999999999933e-01 3.381608826111386179e+01 2.392439870869626475e+02
1.900000000000000022e-01 3.142364839024422807e+01 2.392439870869626475e+02
2.000000000000000111e-01 2.903120851937460145e+01 2.392439870869626475e+02
2.099999999999999645e-01 2.663876864850497483e+01 2.392439870869626475e+02
2.199999999999999734e-01 2.424632877763535177e+01 2.392439870869626475e+02
2.299999999999999822e-01 2.185388890676572160e+01 2.392439870869632728e+02
2.400000000000000466e-01 1.946144903589608433e+01 2.392439870869629317e+02
2.500000000000000000e-01 1.706900916502646481e+01 2.392439870869626475e+02
2.600000000000000089e-01 1.467656929415683287e+01 2.392439870869627043e+02
2.700000000000000178e-01 1.228412942328720803e+01 2.392439870869625906e+02
2.799999999999999711e-01 9.891689552417581410e+00 2.392439870869626475e+02
2.899999999999999800e-01 7.499249681547955682e+00 2.392439870869626475e+02
3.000000000000000444e-01 5.106809810678329953e+00 1.875293866565346264e+02
3.099999999999999978e-01 3.748661948417263634e+00 1.175784618854587222e+02
3.200000000000000622e-01 2.755240572969155366e+00 8.838642902044426819e+01
3.300000000000000711e-01 1.980933368008378270e+00 6.923437868983005217e+01
3.400000000000000244e-01 1.370552999172554465e+00 5.461179646397922482e+01
3.500000000000000333e-01 8.886974387287939203e-01 4.322354996514584968e+01
3.599999999999999867e-01 5.060819998696376443e-01 3.448024989589139722e+01
3.700000000000000511e-01 1.990924408109661092e-01 2.767328524811182078e+01
3.800000000000000044e-01 -4.738370509259875324e-02 2.216523541686635923e+01
3.900000000000000688e-01 -2.442122675263610765e-01 1.740724718559042827e+01
4.000000000000000222e-01 -3.955286488044072457e-01 1.301854260713945344e+01
4.099999999999999756e-01 -5.045831196691501486e-01 8.816007089620933712e+00
4.199999999999999289e-01 -5.718487905968259177e-01 4.766162202046171359e+00
4.299999999999999933e-01 -5.999063637100735535e-01 1.081039124948794949e+00
4.399999999999999467e-01 -5.934695730958017279e-01 -1.935053703925513124e+00
4.500000000000000111e-01 -5.612052896315633532e-01 -4.100771128577148872e+00
4.599999999999999645e-01 -5.114541505242587993e-01 -5.509503654492045932e+00
4.700000000000000289e-01 -4.510152165417223302e-01 -6.350287584532789076e+00
4.800000000000000933e-01 -3.844483988336031000e-01 -6.717392873213114513e+00
4.900000000000000466e-01 -3.166673590774601310e-01 -6.650159866396148978e+00
5.000000000000000000e-01 -2.514452015056800604e-01 -6.279875240212930976e+00
5.100000000000000089e-01 -1.910698542732014726e-01 -5.816885587778470423e+00
5.200000000000000178e-01 -1.351074897501106653e-01 -5.431131716914289420e+00
5.300000000000000266e-01 -8.244721993491571643e-02 -5.167396029239704980e+00
5.400000000000000355e-01 -3.175956916531658125e-02 -4.973524681143722148e+00
5.500000000000000444e-01 1.702327368795872320e-02 -4.688455361230290386e+00
5.599999999999999423e-01 6.200953805928922230e-02 -4.131100737114338450e+00
5.699999999999999512e-01 9.964528843024550442e-02 -3.245406553297388808e+00
5.799999999999999600e-01 1.269176691252369982e-01 -2.133724372798811775e+00
5.899999999999999689e-01 1.423197758862217444e-01 -1.000429133790577518e+00
6.000000000000000888e-01 1.469262518010485408e-01 -5.455537982660863677e-02
6.099999999999999867e-01 1.434108834827539092e-01 5.748202917169307202e-01
6.199999999999999956e-01 1.354298459667099275e-01 8.681895959100321969e-01
6.300000000000001155e-01 1.260470915645532652e-01 9.359807280217123937e-01
6.400000000000001243e-01 1.167102314062756774e-01 9.310991579368718130e-01
6.500000000000000222e-01 1.074251084058158306e-01 9.362090528268948164e-01
6.600000000000001421e-01 9.798605034973778549e-02 9.325638279999528546e-01
6.700000000000000400e-01 8.877383184581676134e-02 8.655231414973870718e-01
6.800000000000000488e-01 8.067558751979006515e-02 7.367893534746750017e-01
6.899999999999999467e-01 7.403804477632328074e-02 5.855576019262306309e-01
7.000000000000000666e-01 6.896443548126543477e-02 4.493849647721908647e-01
7.099999999999999645e-01 6.505034548087945678e-02 3.409169069431852717e-01
7.199999999999999734e-01 6.214609734240173627e-02 2.495848259088115084e-01
7.299999999999999822e-01 6.005864896270322884e-02 1.651130393836652555e-01
7.400000000000001021e-01 5.884383655472843339e-02 5.996407357725328652e-02
7.500000000000000000e-01 5.885936749115815853e-02 -9.302461286335673984e-02
7.600000000000000089e-01 6.070432881199556291e-02 -2.688044309736527526e-01
7.700000000000000178e-01 6.423545611063120886e-02 -4.032745114124182129e-01
7.800000000000001377e-01 6.876981904024392911e-02 -4.690437949400693696e-01
7.900000000000000355e-01 7.361633200943260014e-02 -4.819172263154538616e-01
8.000000000000000444e-01 7.840816356655300190e-02 -4.642204840783808462e-01
8.100000000000001643e-01 8.290074169100021539e-02 -4.328840442987351156e-01
8.199999999999999512e-01 8.706584445252771309e-02 -4.009388407304304569e-01
8.300000000000000711e-01 9.091951850560882342e-02 -3.776179618543473171e-01
8.399999999999998579e-01 9.461820368961465499e-02 -3.687908148450039225e-01
8.500000000000000888e-01 9.829533480250890465e-02 -3.565033562325298777e-01
8.599999999999999867e-01 1.017482708142652403e-01 -3.124551038148648541e-01
8.699999999999999956e-01 1.045444368788061990e-01 -2.281762712552574957e-01
8.799999999999998934e-01 1.063117962393703986e-01 -1.198369655655974336e-01
8.900000000000001243e-01 1.069411761901181562e-01 -9.031781677448388196e-03
9.000000000000000222e-01 1.064924318729193742e-01 8.993824000932680585e-02
9.100000000000000311e-01 1.051424113899316198e-01 1.684533999376863489e-01
9.199999999999999289e-01 1.031233638741656383e-01 2.153085582592773051e-01
9.300000000000001599e-01 1.008362402247460626e-01 2.399014630816786731e-01
9.400000000000000577e-01 9.832533461253206708e-02 2.624048674945909099e-01
9.500000000000000666e-01 9.558814287485424555e-02 2.834961414884261122e-01
9.600000000000001865e-01 9.265541178276354151e-02 2.973613727681668206e-01
9.699999999999999734e-01 8.964091541949090192e-02 3.032245109568476038e-01
9.800000000000000933e-01 8.659092156362660497e-02 3.084139501208776335e-01
9.899999999999998801e-01 8.347263641707335091e-02 3.206064020621385846e-01
1.000000000000000000e+00 8.017879352238382884e-02 3.413609031750051148e-01
1.010000000000000009e+00 7.664541835357326083e-02 3.611832569826005646e-01
1.020000000000000018e+00 7.295512838273181255e-02 3.712651259544161864e-01
1.030000000000000027e+00 6.922011583448492433e-02 3.778971548757137922e-01
1.040000000000000036e+00 6.539718528521754060e-02 3.894828065831457686e-01
1.050000000000000044e+00 6.143045970282202256e-02 4.076846521654861055e-01
1.060000000000000053e+00 5.724349224190781321e-02 4.278717650211504853e-01
1.070000000000000062e+00 5.287302440239900758e-02 4.414472549759079767e-01
1.080000000000000071e+00 4.841454714238965784e-02 4.447529340673086473e-01
1.090000000000000080e+00 4.397796572105284324e-02 4.352544903509272811e-01
1.100000000000000089e+00 3.970945733537110944e-02 4.175114806876147888e-01
1.110000000000000098e+00 3.562773610730054358e-02 4.032726287566245627e-01
1.119999999999999885e+00 3.164400476023861847e-02 3.992469453253927325e-01
1.130000000000000115e+00 2.764279720079268823e-02 4.036237397175115316e-01
1.139999999999999902e+00 2.357152996588839089e-02 4.100561124190299500e-01
1.150000000000000133e+00 1.944167495241209270e-02 4.123861713720935462e-01
1.159999999999999920e+00 1.532380653844651885e-02 7.390343444115724525e-01
1.169999999999999929e+00 4.660988064180644763e-03 7.396569019477943208e-01
1.179999999999999938e+00 5.306684994906324306e-04 2.308600850470640398e-01
1.190000000000000169e+00 4.378636323936354561e-05 2.653342497453162196e-02
1.200000000000000178e+00 0.000000000000000000e+00 4.378636323936354290e-03
