0.000000000000000000e+00 7.380069255285363283e+01 2.004753187242022818e+02
1.000000000000000194e-02 7.179593936561161627e+01 2.004753187242010881e+02
2.000000000000000389e-02 6.979118617836962812e+01 2.004753187242010881e+02
3.000000000000000583e-02 6.778643299112759735e+01 2.004753187242010881e+02
4.000000000000000777e-02 6.578167980388559499e+01 2.004753187242004913e+02
5.000000000000000278e-02 6.377692661664359264e+01 2.004753187242010881e+02
6.000000000000001166e-02 6.177217342940157607e+01 2.004753187242016850e+02
6.999999999999999278e-02 5.976742024215955951e+01 2.004753187242010881e+02
8.000000000000001554e-02 5.776266705491755005e+01 2.004753187242010881e+02
8.999999999999999667e-02 5.575791386767553348e+01 2.004753187242010881e+02
1.000000000000000056e-01 5.375316068043353823e+01 2.004753187242010881e+02
1.099999999999999867e-01 5.174840749319150746e+01 2.004753187242016850e+02
1.200000000000000233e-01 4.974365430594950510e+01 2.004753187242010881e+02
1.300000000000000044e-01 4.773890111870748854e+01 2.004753187242010881e+02
1.399999999999999856e-01 4.573414793146547908e+01 2.004753187242010881e+02
1.500000000000000222e-01 4.372939474422346962e+01 2.004753187242010881e+02
1.600000000000000311e-01 4.172464155698145305e+01 2.004753187242010881e+02
1.700000000000000122e-01 3.971988836973944359e+01 2.004753187242010881e+02
1.799999999999999933e-01 3.771513518249744124e+01 2.004753187242010881e+02
1.900000000000000022e-01 3.571038199525542467e+01 2.004753187242010881e+02
2.000000000000000111e-01 3.370562880801341521e+01 2.004753187242010881e+02
2.099999999999999645e-01 3.170087562077140220e+01 2.004753187242010881e+02
2.199999999999999734e-01 2.969612243352939274e+01 2.004753187242010881e+02
2.299999999999999822e-01 2.769136924628737972e+01 2.004753187242014008e+02
2.400000000000000466e-01 2.568661605904536671e+01 2.004753187242014008e+02
2.500000000000000000e-01 2.368186287180335370e+01 2.004753187242010881e+02
2.600000000000000089e-01 2.167710968456134424e+01 2.004753187242010881e+02
2.700000000000000178e-01 1.967235649731933123e+01 2.004753187242010881e+02
2.799999999999999711e-01 1.766760331007731821e+01 2.004753187242010881e+02
2.899999999999999800e-01 1.566285012283531231e+01 2.004753187242009176e+02
3.000000000000000444e-01 1.365809693559330285e+01 2.004753187242006618e+02
3.099999999999999978e-01 1.165334374835129871e+01 2.004753187242010881e+02
3.200000000000000622e-01 9.648590561109280372e+00 2.004753187242017702e+02
3.300000000000000711e-01 7.643837373867262919e+00 2.004753187242011450e+02
3.400000000000000244e-01 5.639084186625258788e+00 1.680635216175546702e+02
3.500000000000000333e-01 4.282566941516170012e+00 1.196762000876125853e+02
3.599999999999999867e-01 3.245560184873007348e+00 9.306408930640223787e+01
3.700000000000000511e-01 2.421285155388125165e+00 7.404710673380463959e+01
3.800000000000000044e-01 1.764618050196914645e+00 5.916902922781768837e+01
3.900000000000000688e-01 1.237904570831771522e+00 4.746499377868537550e+01
4.000000000000000222e-01 8.153181746232072147e-01 3.800741849914940929e+01
4.099999999999999756e-01 4.777562008487834522e-01 3.017533613905942858e+01
4.199999999999999289e-01 2.118114518420186054e-01 2.369053160648082823e+01
4.299999999999999933e-01 3.945568719166990708e-03 1.836140283840505205e+01
4.399999999999999467e-01 -1.554166049260823912e-01 1.392719460697897205e+01
4.500000000000000111e-01 -2.745983234204124046e-01 1.024022340749000115e+01
4.599999999999999645e-01 -3.602210730758824142e-01 7.260542756288095312e+00
4.700000000000000289e-01 -4.198091785461743330e-01 4.938209254804247550e+00
4.800000000000000933e-01 -4.589852581719673918e-01 3.060121806364924701e+00
4.900000000000000466e-01 -4.810116146734728093e-01 1.368723995705038332e+00
5.000000000000000000e-01 -4.863597380860681385e-01 -2.997920349126313999e-01
5.100000000000000089e-01 -4.750157739752202124e-01 -1.914127792100749348e+00
5.200000000000000178e-01 -4.480771822440531293e-01 -3.366265015694893670e+00
5.300000000000000266e-01 -4.076904736613223279e-01 -4.568698086694261917e+00
5.400000000000000355e-01 -3.567032205101679510e-01 -5.439313181263426777e+00
5.500000000000000444e-01 -2.989042100360537746e-01 -5.934541990842347126e+00
5.599999999999999423e-01 -2.380123806933209796e-01 -6.084633227254071741e+00
5.699999999999999512e-01 -1.772115454909723442e-01 -5.993210776246671756e+00
5.799999999999999600e-01 -1.181481651683875533e-01 -5.764399499748853017e+00
5.899999999999999689e-01 -6.192355549599529857e-02 -5.381311478500844458e+00
6.000000000000000888e-01 -1.052193559837066687e-02 -4.813658242370379092e+00
6.099999999999999867e-01 3.434960935141228439e-02 -4.118737922066378232e+00
6.199999999999999956e-01 7.185282284295688160e-02 -3.367454284656554275e+00
6.300000000000001155e-01 1.016986950445433607e-01 -2.589875302662944190e+00
6.400000000000001243e-01 1.236503288962157721e-01 -1.799845300335299880e+00
6.500000000000000222e-01 1.376956010512493667e-01 -1.081183729879986455e+00
6.600000000000001421e-01 1.452740034938154734e-01 -5.108825953179280122e-01
6.700000000000000400e-01 1.479132529576079325e-01 -6.796182476909080894e-02
6.800000000000000488e-01 1.466332399891973060e-01 2.949663210103941058e-01
6.899999999999999467e-01 1.420139265374000259e-01 5.642644557187355137e-01
7.000000000000000666e-01 1.353479508748225979e-01 6.964147999483553120e-01
7.099999999999999645e-01 1.280856305384329152e-01 7.214547414899710187e-01
7.199999999999999734e-01 1.209188560450231847e-01 7.137100702679792796e-01
7.299999999999999822e-01 1.138114291330733358e-01 6.853978961237576772e-01
7.400000000000001021e-01 1.072108981225480262e-01 6.241719475201988887e-01
7.500000000000000000e-01 1.013279901826693724e-01 5.417622053698566420e-01
7.600000000000000089e-01 9.637565401515088559e-02 4.659377968816373339e-01
7.700000000000000178e-01 9.200923424503662518e-02 3.890845184227081921e-01
7.800000000000001377e-01 8.859396364669673563e-02 2.826685872710149039e-01
7.900000000000000355e-01 8.635586249961632599e-02 1.629850432280876837e-01
8.000000000000000444e-01 8.533426278213497584e-02 7.624652387733520109e-02
8.100000000000001643e-01 8.483093202206963557e-02 4.777439031475697734e-02
8.199999999999999512e-01 8.437877497583984310e-02 5.282507296942772629e-02
8.300000000000000711e-01 8.377443056268107924e-02 5.583965545749257353e-02
8.399999999999998579e-01 8.326198186668998247e-02 4.824532283675805888e-02
8.500000000000000888e-01 8.280952410594590030e-02 3.762346159515591454e-02
8.599999999999999867e-01 8.250951263478686903e-02 1.868953171820670819e-02
8.699999999999999956e-01 8.243573347158178466e-02 -3.886273369264712976e-03
8.799999999999998934e-01 8.258723810217216688e-02 -7.662942775280186247e-03
8.900000000000001243e-01 8.258899232708738491e-02 2.293671534908445914e-02
9.000000000000000222e-01 8.212850379519047450e-02 6.376536156497622509e-02
9.100000000000000311e-01 8.131368509578784654e-02 8.538934265372735699e-02
9.199999999999999289e-01 8.042071694211593014e-02 8.737637017238956971e-02
9.300000000000001599e-01 7.956615769234005875e-02 9.029727791027475359e-02
9.400000000000000577e-01 7.861477138391043118e-02 9.683471296499358838e-02
9.500000000000000666e-01 7.762946343304018282e-02 9.536831332134976247e-02
9.600000000000001865e-01 7.670740511748343204e-02 8.772712502765860065e-02
9.699999999999999734e-01 7.587492093248701663e-02 9.454281969775527039e-02
9.800000000000000933e-01 7.481654872352833108e-02 1.224738629355482528e-01
9.899999999999998801e-01 7.342544367377604186e-02 1.602346057291053061e-01
1.000000000000000000e+00 7.161185660894622829e-02 1.984092904731872553e-01
1.010000000000000009e+00 6.945725786431231064e-02 2.324930412135064184e-01
1.020000000000000018e+00 6.696199578467609825e-02 2.573438532895857556e-01
1.030000000000000027e+00 6.431038079852059719e-02 2.684510358567896993e-01
1.040000000000000036e+00 6.159297506754030788e-02 2.697124925127810657e-01
1.050000000000000044e+00 5.891613094826497754e-02 2.715836718860237808e-01
1.060000000000000053e+00 5.616130162981983198e-02 2.795835212206679299e-01
1.070000000000000062e+00 5.332446052385161200e-02 2.928468835438765572e-01
1.080000000000000071e+00 5.030436395894229834e-02 3.126579809027739687e-01
1.090000000000000080e+00 4.707130090579613596e-02 3.354437483656429464e-01
1.100000000000000089e+00 4.359548899162943997e-02 3.566233160590838724e-01
1.110000000000000098e+00 3.993883458461446045e-02 3.753258467413089217e-01
1.119999999999999885e+00 3.608897205680326042e-02 3.921589556981679991e-01
1.130000000000000115e+00 3.209565547065109520e-02 4.070228833534215718e-01
1.139999999999999902e+00 2.794851438973483190e-02 4.221933650283506978e-01
1.150000000000000133e+00 2.365178817008408568e-02 4.393502895952891008e-01
1.159999999999999920e+00 1.916150859782905086e-02 8.924532331421214382e-01
1.169999999999999929e+00 5.802723507241657613e-03 9.261070271383200492e-01
1.179999999999999938e+00 6.393680550626548156e-04 2.874618187612010822e-01
1.190000000000000169e+00 5.348713201763588912e-05 3.196840275313274360e-02
1.200000000000000178e+00 0.000000000000000000e+00 5.348713201763589942e-03
