0.000000000000000000e+00 2.326991031194430661e+02 5.325100300631504524e+02
1.000000000000000194e-02 2.273740028188115900e+02 5.325100300631504524e+02
2.000000000000000389e-02 2.220489025181800855e+02 5.325100300631504524e+02
3.000000000000000583e-02 2.167238022175485810e+02 5.325100300631517030e+02
4.000000000000000777e-02 2.113987019169170480e+02 5.325100300631528398e+02
5.000000000000000278e-02 2.060736016162855151e+02 5.325100300631504524e+02
6.000000000000001166e-02 2.007485013156540390e+02 5.325100300631504524e+02
6.999999999999999278e-02 1.954234010150225060e+02 5.325100300631517030e+02
8.000000000000001554e-02 1.900983007143910015e+02 5.325100300631517030e+02
8.999999999999999667e-02 1.847732004137594686e+02 5.325100300631517030e+02
1.000000000000000056e-01 1.794481001131279641e+02 5.325100300631504524e+02
1.099999999999999867e-01 1.741229998124964879e+02 5.325100300631517030e+02
1.200000000000000233e-01 1.687978995118649550e+02 5.325100300631517030e+02
1.300000000000000044e-01 1.634727992112334221e+02 5.325100300631504524e+02
1.399999999999999856e-01 1.581476989106019175e+02 5.325100300631504524e+02
1.500000000000000222e-01 1.528225986099704130e+02 5.325100300631517030e+02
1.600000000000000311e-01 1.474974983093388801e+02 5.325100300631517030e+02
1.700000000000000122e-01 1.421723980087074040e+02 5.325100300631504524e+02
1.799999999999999933e-01 1.368472977080758710e+02 5.325100300631504524e+02
1.900000000000000022e-01 1.315221974074443665e+02 5.325100300631504524e+02
2.000000000000000111e-01 1.261970971068128762e+02 5.325100300631517030e+02
2.099999999999999645e-01 1.208719968061813432e+02 5.325100300631517030e+02
2.199999999999999734e-01 1.155468965055498387e+02 5.325100300631504524e+02
2.299999999999999822e-01 1.102217962049183342e+02 5.325100300631517030e+02
2.400000000000000466e-01 1.048966959042868012e+02 5.325100300631517030e+02
2.500000000000000000e-01 9.957159560365529671e+01 5.325100300631517030e+02
2.600000000000000089e-01 9.424649530302377798e+01 5.325100300631517030e+02
2.700000000000000178e-01 8.892139500239225924e+01 5.325100300631504524e+02
2.799999999999999711e-01 8.359629470176076893e+01 5.325100300631511345e+02
2.899999999999999800e-01 7.827119440112925020e+01 5.325100300631517030e+02
3.000000000000000444e-01 7.294609410049771725e+01 5.325100300631498840e+02
3.099999999999999978e-01 6.762099379986625536e+01 5.325100300631504524e+02
3.200000000000000622e-01 6.229589349923471531e+01 5.325100300631528398e+02
3.300000000000000711e-01 5.697079319860318947e+01 5.325100300631513619e+02
3.400000000000000244e-01 5.164569289797169205e+01 5.325100300631513619e+02
3.500000000000000333e-01 4.632059259734016621e+01 5.325100300631511345e+02
3.599999999999999867e-01 4.099549229670867589e+01 5.325100300631511345e+02
3.700000000000000511e-01 3.567039199607714295e+01 5.325100300631511345e+02
3.800000000000000044e-01 3.034529169544564908e+01 4.005292858574397883e+02
3.900000000000000688e-01 2.765980627892834676e+01 2.992947967628403489e+02
4.000000000000000222e-01 2.435939576018884267e+01 3.615318707629396613e+02
4.099999999999999756e-01 2.042916886366955609e+01 3.738307381691628848e+02
4.199999999999999289e-01 1.688278099680558597e+01 3.339273168080791265e+02
4.299999999999999933e-01 1.375062252750797143e+01 2.883920680279720159e+02
4.399999999999999467e-01 1.111493963624614878e+01 2.431668582117107746e+02
4.500000000000000111e-01 8.887285363273758065e+00 2.075418660503476360e+02
4.599999999999999645e-01 6.964102315239196095e+00 1.805624692877814823e+02
4.700000000000000289e-01 5.276035977518127140e+00 1.583813436727181738e+02
4.800000000000000933e-01 3.796475441784832761e+00 1.393784355333322083e+02
4.900000000000000466e-01 2.488467266851483117e+00 1.230890549694982212e+02
5.000000000000000000e-01 1.334694342394868949e+00 1.085580095765484856e+02
5.100000000000000089e-01 3.173070753205141092e-01 9.510009828402326093e+01
5.200000000000000178e-01 -5.673076232855965850e-01 8.189727720569833025e+01
5.300000000000000266e-01 -1.320638468793452258e+00 6.819347434465770164e+01
5.400000000000000355e-01 -1.931177110178750711e+00 5.416657148907201247e+01
5.500000000000000444e-01 -2.403969898574892294e+00 4.105760735255923066e+01
5.599999999999999423e-01 -2.752329257229935155e+00 2.999368131397519832e+01
5.699999999999999512e-01 -3.003843524854396652e+00 2.127692430879994845e+01
5.799999999999999600e-01 -3.177867743405934142e+00 1.455284252934638189e+01
5.899999999999999689e-01 -3.294900375441323970e+00 9.160320202666197176e+00
6.000000000000000888e-01 -3.361074147459258032e+00 4.084578444197609848e+00
6.099999999999999867e-01 -3.376591944325276096e+00 -1.258242998059825757e+00
6.199999999999999956e-01 -3.335909287498061371e+00 -6.353386475551047852e+00
6.300000000000001155e-01 -3.249524214814255352e+00 -1.057136824184639856e+01
6.400000000000001243e-01 -3.124481922661133559e+00 -1.387241422134253632e+01
6.500000000000000222e-01 -2.972075930387404696e+00 -1.644369347196499831e+01
6.600000000000001421e-01 -2.795608053221833700e+00 -1.859199076543699647e+01
6.700000000000000400e-01 -2.600236115078664589e+00 -2.049455206822129938e+01
6.800000000000000488e-01 -2.385717011857407588e+00 -2.165743311431087648e+01
6.899999999999999467e-01 -2.167087452792447078e+00 -2.127385105368263396e+01
7.000000000000000666e-01 -1.960239990783755104e+00 -1.940223019991523756e+01
7.099999999999999645e-01 -1.779042848794142540e+00 -1.722546435344047566e+01
7.199999999999999734e-01 -1.615730703714945760e+00 -1.581572783570723395e+01
7.299999999999999822e-01 -1.462728292079997772e+00 -1.526002549739921221e+01
7.400000000000001021e-01 -1.310530193766961338e+00 -1.498338100122073158e+01
7.500000000000000000e-01 -1.163060672055583167e+00 -1.428223634813844178e+01
7.600000000000000089e-01 -1.024885466804192458e+00 -1.299620834731097219e+01
7.700000000000000178e-01 -9.031365051093638296e-01 -1.171704450011446674e+01
7.800000000000001377e-01 -7.905445768019032649e-01 -1.092315771684977932e+01
7.900000000000000355e-01 -6.846733507723681278e-01 -1.042182875790623875e+01
8.000000000000000444e-01 -5.821080016437785165e-01 -1.001201680756009971e+01
8.100000000000001643e-01 -4.844330146211661692e-01 -9.409746643843202918e+00
8.199999999999999512e-01 -3.939130687669145092e-01 -8.443230589619872717e+00
8.300000000000000711e-01 -3.155684028287688014e-01 -7.262223350175731618e+00
8.399999999999998579e-01 -2.486686017633998880e-01 -6.313403525535941974e+00
8.500000000000000888e-01 -1.893003323180499353e-01 -5.822637494445314310e+00
8.599999999999999867e-01 -1.322158518744936118e-01 -5.555910111630060655e+00
8.699999999999999956e-01 -7.818213008544876164e-02 -4.827514146665973449e+00
8.799999999999998934e-01 -3.566556894117415416e-02 -3.495196257128490913e+00
8.900000000000001243e-01 -8.278204942878940667e-03 -2.026204208390169459e+00
9.000000000000000222e-01 4.858515226629224817e-03 -8.188109712318737410e-01
9.100000000000000311e-01 8.098014481758531238e-03 4.170359298105368040e-02
9.199999999999999289e-01 4.024443367008151244e-03 4.270580962965089822e-01
9.300000000000001599e-01 -4.431474441716489149e-04 3.467714647754622792e-01
9.400000000000000577e-01 -2.910985928501094635e-03 7.206282324747248502e-02
9.500000000000000666e-01 -1.884403909121098487e-03 7.790615465789318961e-02
9.600000000000001865e-01 -4.469109021658958236e-03 5.927939387069798283e-01
9.699999999999999734e-01 -1.374028268326069405e-02 1.258461984835285596e+00
9.800000000000000933e-01 -2.963834871836466475e-02 1.640828999769236907e+00
9.899999999999998801e-01 -4.655686267864543593e-02 1.664875848810693393e+00
1.000000000000000000e+00 -6.293586569457854107e-02 1.537865086555414207e+00
1.010000000000000009e+00 -7.731416440975372173e-02 1.333064519623825550e+00
1.020000000000000018e+00 -8.959715608705504097e-02 9.801123295122980972e-01
1.030000000000000027e+00 -9.691641099999967479e-02 4.684946273327582067e-01
1.040000000000000036e+00 -9.896704863371021121e-02 -4.348583310419876224e-02
1.050000000000000044e+00 -9.604669433791568345e-02 -4.321724600563670027e-01
1.060000000000000053e+00 -9.032359943258286283e-02 -6.326201222900104115e-01
1.070000000000000062e+00 -8.339429189211548799e-02 -6.782146167886208277e-01
1.080000000000000071e+00 -7.675930709681044739e-02 -6.607702252688647526e-01
1.090000000000000080e+00 -7.017888738673819238e-02 -6.515092181314561248e-01
1.100000000000000089e+00 -6.372912273418133988e-02 -6.346398998427886795e-01
1.110000000000000098e+00 -5.748608938988242212e-02 -6.160550263886253042e-01
1.119999999999999885e+00 -5.140802220640883213e-02 -5.937168481329306857e-01
1.130000000000000115e+00 -4.561175242722381035e-02 -5.522759092898058553e-01
1.139999999999999902e+00 -4.036250402061272030e-02 -5.276736760726580266e-01
1.150000000000000133e+00 -3.505827890577065120e-02 -5.776651687023760529e-01
1.159999999999999920e+00 -2.880920064656519730e-02 -1.391801261070401585e+00
1.169999999999999929e+00 -7.222253684362617450e-03 -1.397657943365019140e+00
1.179999999999999938e+00 -8.560417792648166140e-04 -3.577137526718124350e-01
1.190000000000000169e+00 -6.797863092636969402e-05 -4.280208896324083634e-02
1.200000000000000178e+00 0.000000000000000000e+00 -6.797863092636969619e-03
