0.000000000000000000e+00 7.811684764962272993e+02 2.963528204918015490e+03
1.000000000000000194e-02 7.515331944470472081e+02 2.963528204918015490e+03
2.000000000000000389e-02 7.218979123978670032e+02 2.963528204918015490e+03
3.000000000000000583e-02 6.922626303486869119e+02 2.963528204918015490e+03
4.000000000000000777e-02 6.626273482995067070e+02 2.963528204918015490e+03
5.000000000000000278e-02 6.329920662503265021e+02 2.963528204918020947e+03
6.000000000000001166e-02 6.033567842011462972e+02 2.963528204918011397e+03
6.999999999999999278e-02 5.737215021519663196e+02 2.963528204918011397e+03
8.000000000000001554e-02 5.440862201027860010e+02 2.963528204918015490e+03
8.999999999999999667e-02 5.144509380536059098e+02 2.963528204918015490e+03
1.000000000000000056e-01 4.848156560044257049e+02 2.963528204918015490e+03
1.099999999999999867e-01 4.551803739552456705e+02 2.963528204918011397e+03
1.200000000000000233e-01 4.255450919060655224e+02 2.963528204918015490e+03
1.300000000000000044e-01 3.959098098568853175e+02 2.963528204918015490e+03
1.399999999999999856e-01 3.662745278077051694e+02 2.963528204918015490e+03
1.500000000000000222e-01 3.366392457585250213e+02 2.963528204918013216e+03
1.600000000000000311e-01 3.070039637093449301e+02 2.963528204918013216e+03
1.700000000000000122e-01 2.773686816601647820e+02 2.963528204918015490e+03
1.799999999999999933e-01 2.477333996109846055e+02 2.963528204918015490e+03
1.900000000000000022e-01 2.180981175618044858e+02 2.963528204918014580e+03
2.000000000000000111e-01 1.884628355126243378e+02 2.963528204918013216e+03
2.099999999999999645e-01 1.588275534634441897e+02 2.963528204918014580e+03
2.199999999999999734e-01 1.291922714142640416e+02 2.963528204918014580e+03
2.299999999999999822e-01 9.955698936508390773e+01 2.963528204918019583e+03
2.400000000000000466e-01 6.992170731590366017e+01 2.963528204918019583e+03
2.500000000000000000e-01 4.028642526672352631e+01 2.963528204918014580e+03
2.600000000000000089e-01 1.065114321754337823e+01 1.768361622674623277e+03
2.700000000000000178e-01 4.919192813231059169e+00 4.311899853622721821e+02
2.799999999999999711e-01 2.027343510297935136e+00 2.269825219514140429e+02
2.899999999999999800e-01 3.795423742027792535e-01 1.263224789750279911e+02
3.000000000000000444e-01 -4.991060692026246803e-01 5.973692723418510298e+01
3.099999999999999978e-01 -8.151961704809227438e-01 1.091716272279731292e+01
3.200000000000000622e-01 -7.174493236585709477e-01 -2.129745647746841897e+01
3.300000000000000711e-01 -3.892470409315544888e-01 -3.106363075769722570e+01
3.400000000000000244e-01 -9.617670850462650689e-02 -1.776348461644059284e+01
3.500000000000000333e-01 -3.397734860274264496e-02 2.152459174767468397e+00
3.599999999999999867e-01 -1.392258919999758704e-01 9.914442990496873165e+00
3.700000000000000511e-01 -2.322662084126800586e-01 7.064380271611687689e+00
3.800000000000000044e-01 -2.805134974322096020e-01 5.507184996096560425e+00
3.900000000000000688e-01 -3.424099083346112682e-01 8.544326936092573987e+00
4.000000000000000222e-01 -4.514000361540611017e-01 1.391324603545063532e+01
4.099999999999999756e-01 -6.206748290436239213e-01 2.014870790259654854e+01
4.199999999999999289e-01 -8.543741942059920325e-01 2.549027992733266501e+01
4.299999999999999933e-01 -1.130480427590277115e+00 2.731305614116615743e+01
4.399999999999999467e-01 -1.400635317029314875e+00 2.402286439955980768e+01
4.500000000000000111e-01 -1.610937715581473251e+00 1.597581845063537287e+01
4.599999999999999645e-01 -1.720151686042022510e+00 4.944355172829169476e+00
4.700000000000000289e-01 -1.709824819038056720e+00 -6.378642919997754568e+00
4.800000000000000933e-01 -1.592578827642067374e+00 -1.534153860908904932e+01
4.900000000000000466e-01 -1.402994046856275601e+00 -2.025468214916467957e+01
5.000000000000000000e-01 -1.187485184658773951e+00 -2.107096783297123110e+01
5.100000000000000089e-01 -9.815746901968510629e-01 -1.942750769342915618e+01
5.200000000000000178e-01 -7.989350307901907922e-01 -1.736473857911828489e+01
5.300000000000000266e-01 -6.342799186144856272e-01 -1.573479747055895572e+01
5.400000000000000355e-01 -4.842390813790116710e-01 -1.422745456903417249e+01
5.500000000000000444e-01 -3.497308272338021107e-01 -1.254561058693608189e+01
5.599999999999999423e-01 -2.333268696402900355e-01 -1.087947085468110586e+01
5.699999999999999512e-01 -1.321414101401799379e-01 -9.322654719094607856e+00
5.799999999999999600e-01 -4.687377525839794834e-02 -7.672954896183545870e+00
5.899999999999999689e-01 2.131768778349094062e-02 -5.881135966456620068e+00
6.000000000000000888e-01 7.074894407073444025e-02 -4.176101102559729661e+00
6.099999999999999867e-01 1.048397098346855322e-01 -2.732914938723290277e+00
6.199999999999999956e-01 1.254072428452002452e-01 -1.542679783547159511e+00
6.300000000000001155e-01 1.356933055056286919e-01 -4.723845468463694353e-01
6.400000000000001243e-01 1.348549337821276228e-01 4.938901628386216380e-01
6.500000000000000222e-01 1.258155022488562647e-01 1.308645581065290164e+00
6.600000000000001421e-01 1.086820221608218173e-01 2.114134072673102605e+00
6.700000000000000400e-01 8.353282079539423033e-02 3.040915426717384573e+00
6.800000000000000488e-01 4.786371362647413169e-02 3.892545118509493474e+00
6.899999999999999467e-01 5.681918425204367587e-03 4.221457894201789074e+00
7.000000000000000666e-01 -3.656544425756164118e-02 3.735569301429420008e+00
7.099999999999999645e-01 -6.902946760338402044e-02 2.538103493976024527e+00
7.199999999999999734e-01 -8.732751413708211841e-02 1.238625826374510686e+00
7.299999999999999822e-01 -9.380198413087423304e-02 4.081818789294233141e-01
7.400000000000001021e-01 -9.549115171567058857e-02 1.778505055041643135e-01
7.500000000000000000e-01 -9.735899424095752208e-02 3.448018120175224133e-01
7.600000000000000089e-01 -1.023871879560210446e-01 6.592947787340235344e-01
7.700000000000000178e-01 -1.105448898156379811e-01 7.582898771106495461e-01
7.800000000000001377e-01 -1.175529854982340222e-01 4.346072206270480409e-01
7.900000000000000355e-01 -1.192370342281789536e-01 -2.228879921924206697e-01
8.000000000000000444e-01 -1.130952256543856088e-01 -9.887446943718646297e-01
8.100000000000001643e-01 -9.946214034074166155e-02 -1.644537500225928595e+00
8.199999999999999512e-01 -8.020447564986704636e-02 -1.988028406137156479e+00
8.300000000000000711e-01 -5.970157221799853031e-02 -1.858326585587960489e+00
8.399999999999998579e-01 -4.303794393810783658e-02 -1.246517928877547421e+00
8.500000000000000888e-01 -3.477121364044758606e-02 -3.209024239603395223e-01
8.599999999999999867e-01 -3.661989545890104170e-02 6.161455553748970138e-01
8.699999999999999956e-01 -4.709412474794552605e-02 1.243637511553512098e+00
8.799999999999998934e-01 -6.149264568997128005e-02 1.440378422811411374e+00
8.900000000000001243e-01 -7.590169320417375354e-02 1.398860066317920037e+00
9.000000000000000222e-01 -8.946984701632967885e-02 1.323744273572931451e+00
9.100000000000000311e-01 -1.023765786756323792e-01 1.210402252758377761e+00
9.199999999999999289e-01 -1.136778920714972274e-01 9.849611958878701223e-01
9.300000000000001599e-01 -1.220758025933897789e-01 6.287175986551517548e-01
9.400000000000000577e-01 -1.262522440446002536e-01 1.482363401523273116e-01
9.500000000000000666e-01 -1.250405293964363396e-01 -3.825740619119010755e-01
9.600000000000001865e-01 -1.186007628063622393e-01 -8.253672159722663659e-01
9.699999999999999734e-01 -1.085331850769910012e-01 -1.126850349991106004e+00
9.800000000000000933e-01 -9.606375580654011315e-02 -1.263691441386566083e+00
9.899999999999998801e-01 -8.325935624925968892e-02 -1.200411936028938698e+00
1.000000000000000000e+00 -7.205551708596134863e-02 -1.030421002033572897e+00
1.010000000000000009e+00 -6.265093620858823431e-02 -9.019630314293510809e-01
1.020000000000000018e+00 -5.401625645737432452e-02 -8.534485262396689365e-01
1.030000000000000027e+00 -4.558196568379484920e-02 -8.280698997574247322e-01
1.040000000000000036e+00 -3.745485846222583459e-02 -8.100009022204655018e-01
1.050000000000000044e+00 -2.938194763938554305e-02 -7.925529287374807330e-01
1.060000000000000053e+00 -2.160379988747622090e-02 -7.466512153922894024e-01
1.070000000000000062e+00 -1.444892333153975465e-02 -6.617536749410265484e-01
1.080000000000000071e+00 -8.368726388655692641e-03 -5.615666470940753330e-01
1.090000000000000080e+00 -3.217590389658249016e-03 -4.589360592988511733e-01
1.100000000000000089e+00 8.099947973213308906e-04 -3.510646942263742076e-01
1.110000000000000098e+00 3.803703494869234859e-03 -2.264286795593750401e-01
1.119999999999999885e+00 5.338568388508832009e-03 -8.811933586421205611e-02
1.130000000000000115e+00 5.566090212153476310e-03 4.807137417470706137e-02
1.139999999999999902e+00 4.377140905014690643e-03 1.721325680737766928e-01
1.150000000000000133e+00 2.123438850677942646e-03 2.517729567934067769e-01
1.159999999999999920e+00 -6.583182308534429915e-04 1.681172403032941964e-01
1.169999999999999929e+00 -1.238905955387940849e-03 -2.319786019412917871e-02
1.179999999999999938e+00 -1.943610269708594834e-04 -6.105912912779853235e-02
1.190000000000000169e+00 -1.772337283197014391e-05 -9.718051348542975851e-03
1.200000000000000178e+00 0.000000000000000000e+00 -1.772337283197014147e-03
