0.000000000000000000e+00 1.448664624875430036e+02 5.304097895911913838e+02
1.000000000000000194e-02 1.395623645916311091e+02 5.304097895911913838e+02
2.000000000000000389e-02 1.342582666957191861e+02 5.304097895911913838e+02
3.000000000000000583e-02 1.289541687998072632e+02 5.304097895911913838e+02
4.000000000000000777e-02 1.236500709038953545e+02 5.304097895911925207e+02
5.000000000000000278e-02 1.183459730079834173e+02 5.304097895911937712e+02
6.000000000000001166e-02 1.130418751120714944e+02 5.304097895911913838e+02
6.999999999999999278e-02 1.077377772161595857e+02 5.304097895911913838e+02
8.000000000000001554e-02 1.024336793202476628e+02 5.304097895911913838e+02
8.999999999999999667e-02 9.712958142433576825e+01 5.304097895911913838e+02
1.000000000000000056e-01 9.182548352842383110e+01 5.304097895911913838e+02
1.099999999999999867e-01 8.652138563251193659e+01 5.304097895911913838e+02
1.200000000000000233e-01 8.121728773660001366e+01 5.304097895911925207e+02
1.300000000000000044e-01 7.591318984068810494e+01 5.304097895911913838e+02
1.399999999999999856e-01 7.060909194477618200e+01 5.304097895911913838e+02
1.500000000000000222e-01 6.530499404886425907e+01 5.304097895911913838e+02
1.600000000000000311e-01 6.000089615295235035e+01 5.304097895911913838e+02
1.700000000000000122e-01 5.469679825704044163e+01 5.304097895911916112e+02
1.799999999999999933e-01 4.939270036112851869e+01 5.304097895911916112e+02
1.900000000000000022e-01 4.408860246521660997e+01 5.304097895911913838e+02
2.000000000000000111e-01 3.878450456930469414e+01 5.304097895911913838e+02
2.099999999999999645e-01 3.348040667339278542e+01 5.304097895911916112e+02
2.199999999999999734e-01 2.817630877748086604e+01 5.304097895911914975e+02
2.299999999999999822e-01 2.287221088156895732e+01 5.304097895911921796e+02
2.400000000000000466e-01 1.756811298565702373e+01 5.304097895911924070e+02
2.500000000000000000e-01 1.226401508974510968e+01 5.304097895911913838e+02
2.600000000000000089e-01 6.959917193833193849e+00 3.911711744747084936e+02
2.700000000000000178e-01 4.440591600250938242e+00 2.048845103034474846e+02
2.799999999999999711e-01 2.862226987764244779e+00 1.319045093427544373e+02
2.899999999999999800e-01 1.802501413395850349e+00 8.893016955463058082e+01
3.000000000000000444e-01 1.083623596671633438e+00 6.001299634444602304e+01
3.099999999999999978e-01 6.022414865069299905e-01 4.006678185863509611e+01
3.200000000000000622e-01 2.822879594989315954e-01 2.716577384904376657e+01
3.300000000000000711e-01 5.892600952605468734e-02 2.017098946998565268e+01
3.400000000000000244e-01 -1.211318299007815014e-01 1.779710340670743207e+01
3.500000000000000333e-01 -2.970160586080939358e-01 1.775488834125193449e+01
3.599999999999999867e-01 -4.762295967258201590e-01 1.680312328789808163e+01
3.700000000000000511e-01 -6.330785243660554951e-01 1.258034634230435600e+01
3.800000000000000044e-01 -7.278365235719073123e-01 5.250367767977236255e+00
3.900000000000000688e-01 -7.380858797256002468e-01 -2.926577350302878688e+00
4.000000000000000222e-01 -6.693049765658497519e-01 -9.685794013502075472e+00
4.099999999999999756e-01 -5.443699994555587507e-01 -1.351119244347847292e+01
4.199999999999999289e-01 -3.990811276962802912e-01 -1.315314213507647878e+01
4.299999999999999933e-01 -2.813071567540292306e-01 -8.580421393152517950e+00
4.399999999999999467e-01 -2.274726998332299854e-01 -2.065058268776335915e+00
4.500000000000000111e-01 -2.400059913785024812e-01 3.516362747141712042e+00
4.599999999999999645e-01 -2.977999547760642463e-01 6.864655979985949230e+00
4.700000000000000289e-01 -3.772991109782214969e-01 8.238753759373954821e+00
4.800000000000000933e-01 -4.625750299635433271e-01 8.383202314363369823e+00
4.900000000000000466e-01 -5.449631572654888290e-01 7.871670042124429223e+00
5.000000000000000000e-01 -6.200084308060318516e-01 6.670753585182118250e+00
5.100000000000000089e-01 -6.783782289691312473e-01 4.646238287100787900e+00
5.200000000000000178e-01 -7.129331965480476541e-01 2.168462361763545676e+00
5.300000000000000266e-01 -7.217474762044021608e-01 -3.855982878278125803e-01
5.400000000000000355e-01 -7.052212307914914602e-01 -2.941110296533155921e+00
5.500000000000000444e-01 -6.629252702737390424e-01 -5.202893373234607211e+00
5.599999999999999423e-01 -6.011633633267993160e-01 -6.433306491015512663e+00
5.699999999999999512e-01 -5.342591404534288158e-01 -6.361964494124591418e+00
5.799999999999999600e-01 -4.739240734443074254e-01 -5.588904584046495927e+00
5.899999999999999689e-01 -4.224810487724988128e-01 -4.627302156759236063e+00
6.000000000000000888e-01 -3.813780303091227064e-01 -3.494123160607791156e+00
6.099999999999999867e-01 -3.525985855603430696e-01 -2.343098157414564398e+00
6.199999999999999956e-01 -3.345160671608314318e-01 -1.376117691142576538e+00
6.300000000000001155e-01 -3.250762317374915056e-01 -4.829034120122589480e-01
6.400000000000001243e-01 -3.248579989205862550e-01 3.903625223202246697e-01
6.500000000000000222e-01 -3.328834821838959623e-01 1.236976401908451928e+00
6.600000000000001421e-01 -3.495975269587552892e-01 2.090539997095556934e+00
6.700000000000000400e-01 -3.746942821258071321e-01 2.794453642894487277e+00
6.800000000000000488e-01 -4.054865998166450880e-01 3.155027912884053709e+00
6.899999999999999467e-01 -4.377948403834882041e-01 3.381457884984831797e+00
7.000000000000000666e-01 -4.731157575163417173e-01 3.728580134240004895e+00
7.099999999999999645e-01 -5.123664430682882687e-01 4.026865285467259525e+00
7.199999999999999734e-01 -5.536530632256868589e-01 3.911647417440965224e+00
7.299999999999999822e-01 -5.905993914171075998e-01 3.326260224571992108e+00
7.400000000000001021e-01 -6.201782677171266966e-01 2.501083929995823407e+00
7.500000000000000000e-01 -6.406210700170240635e-01 1.644321668832863903e+00
7.600000000000000089e-01 -6.530647010937840058e-01 7.922570431484120546e-01
7.700000000000000178e-01 -6.564662108799923512e-01 -1.123439575579802813e-01
7.800000000000001377e-01 -6.508178219426243860e-01 -9.714000224381077464e-01
7.900000000000000355e-01 -6.370382104312302118e-01 -1.631274616597394811e+00
8.000000000000000444e-01 -6.181923296106764942e-01 -2.129760445475824771e+00
8.100000000000001643e-01 -5.944430015217136987e-01 -2.620130433602505082e+00
8.199999999999999512e-01 -5.657897209386263393e-01 -3.101521761559393298e+00
8.300000000000000711e-01 -5.324125662905258016e-01 -3.470556972036747734e+00
8.399999999999998579e-01 -4.963785814978914357e-01 -3.724336682738846882e+00
8.500000000000000888e-01 -4.579258326357488751e-01 -3.892189987493838821e+00
8.599999999999999867e-01 -4.185347817480146171e-01 -3.867681208678777072e+00
8.699999999999999956e-01 -3.805722084621733226e-01 -3.642952262084322435e+00
8.799999999999998934e-01 -3.456757365063282128e-01 -3.306175278108681059e+00
8.900000000000001243e-01 -3.144487028999997102e-01 -2.945993210775858184e+00
9.000000000000000222e-01 -2.867558722908110647e-01 -2.587426132338601636e+00
9.100000000000000311e-01 -2.627001802532276664e-01 -2.266724358970532816e+00
9.199999999999999289e-01 -2.414213851114004050e-01 -1.967219267726287857e+00
9.300000000000001599e-01 -2.233557948987019148e-01 -1.671150640335693272e+00
9.400000000000000577e-01 -2.079983723046865685e-01 -1.435205210943709675e+00
9.500000000000000666e-01 -1.946516906798277380e-01 -1.272442712084239202e+00
9.600000000000001865e-01 -1.825495180630017644e-01 -1.106532848329155660e+00
9.699999999999999734e-01 -1.725210337132446203e-01 -9.133174786182304272e-01
9.800000000000000933e-01 -1.642831684906371770e-01 -7.316331895593252144e-01
9.899999999999998801e-01 -1.578883699220580972e-01 -5.921849040139658404e-01
1.000000000000000000e+00 -1.524394704103578246e-01 -5.749064042256478713e-01
1.010000000000000009e+00 -1.463902418375451486e-01 -7.656672608445149741e-01
1.020000000000000018e+00 -1.371261251934675629e-01 -1.092185591718140891e+00
1.030000000000000027e+00 -1.245465300031823458e-01 -1.334173290475250351e+00
1.040000000000000036e+00 -1.104426593839625548e-01 -1.358968727728737447e+00
1.050000000000000044e+00 -9.736715544860759242e-02 -1.188532503059459566e+00
1.060000000000000053e+00 -8.667200932277335790e-02 -9.127217538250474993e-01
1.070000000000000062e+00 -7.911272037210664854e-02 -6.172028297262489582e-01
1.080000000000000071e+00 -7.432795272824838095e-02 -5.500244722072659131e-01
1.090000000000000080e+00 -6.811223092796132861e-02 -8.342947454992272194e-01
1.100000000000000089e+00 -5.764205781826383518e-02 -1.196885450986063359e+00
1.110000000000000098e+00 -4.417452190824006086e-02 -1.414581420386868293e+00
1.119999999999999885e+00 -2.935042941052647125e-02 -1.454087962849772042e+00
1.130000000000000115e+00 -1.509276265124462335e-02 -1.317378781576949542e+00
1.139999999999999902e+00 -3.002853778987485834e-03 -1.069927511893084660e+00
1.150000000000000133e+00 6.305787586617066752e-03 -7.529651854361755214e-01
1.159999999999999920e+00 1.205644992973602288e-02 -1.284842361636944486e-01
1.169999999999999929e+00 8.875472309890955480e-03 5.296129368830825301e-01
1.179999999999999938e+00 1.464191192074370835e-03 4.374516299531703845e-01
1.190000000000000169e+00 1.264397108275481629e-04 7.320955960371854088e-02
1.200000000000000178e+00 0.000000000000000000e+00 1.264397108275481726e-02
