0.000000000000000000e+00 6.643773600000000670e+02 1.365385640000000194e+03
1.000000200000000089e-02 6.231440400000000182e+02 6.881355066666668790e+03
1.999999800000000494e-02 5.267488640000001396e+02 8.274138933333333625e+03
3.000000000000000583e-02 4.576626560000000268e+02 6.455821346666668433e+03
4.000000200000000672e-02 3.976335528000000181e+02 5.609063426666667510e+03
4.999999800000000383e-02 3.454795744000000468e+02 4.873376760000001013e+03
6.000000000000001166e-02 3.001660176000000320e+02 4.234180106666666688e+03
7.000000200000000561e-02 2.607958328000000279e+02 3.678816866666667011e+03
7.999999800000000272e-02 2.265895408000000373e+02 3.196297066666667433e+03
8.999999999999999667e-02 1.968697520000000054e+02 2.777067240000000311e+03
1.000000019999999906e-01 1.710481960000000186e+02 2.412829120000000330e+03
1.099999980000000016e-01 1.486131696000000204e+02 2.096358333333333576e+03
1.200000000000000233e-01 1.291211688000000208e+02 1.821399800000000141e+03
1.300000020000000311e-01 1.121855920000000140e+02 1.582500373333333528e+03
1.399999980000000144e-01 9.747088240000002202e+01 1.374939106666666930e+03
1.500000000000000222e-01 8.468667040000001123e+01 1.194601733333333641e+03
1.600000020000000023e-01 7.357898720000001447e+01 1.037917906666666795e+03
1.699999979999999855e-01 6.392817280000000579e+01 9.017775200000002087e+02
1.799999999999999933e-01 5.554343680000000916e+01 7.835028133333333926e+02
1.900000020000000012e-01 4.825825600000000293e+01 6.807374973333334083e+02
1.999999980000000122e-01 4.192870080000000144e+01 5.914509373333333997e+02
2.099999999999999645e-01 3.642925119999999595e+01 5.138753933333333634e+02
2.200000020000000278e-01 3.165116504000000219e+01 4.464753373333334139e+02
2.299999980000000110e-01 2.749975840000000460e+01 3.879146786666667595e+02
2.400000000000000466e-01 2.389285752000000329e+01 3.370358440000000542e+02
2.500000019999999989e-01 2.075904152000000025e+01 2.928297920000000545e+02
2.599999980000000099e-01 1.803626168000000263e+01 2.544220666666667512e+02
2.700000000000000178e-01 1.567062808000000018e+01 2.210518773333333513e+02
2.800000020000000256e-01 1.361523808000000280e+01 1.920581520000000353e+02
2.899999980000000366e-01 1.182946504000000054e+01 1.668676826666667239e+02
3.000000000000000444e-01 1.027787048000000070e+01 1.449811786666666933e+02
3.100000019999999967e-01 8.929827519999999907e+00 1.259648986666666843e+02
3.199999980000000632e-01 7.758600400000000619e+00 1.094436773333333548e+02
3.300000000000000711e-01 6.740967920000001001e+00 9.508907066666667163e+01
3.400000020000000234e-01 5.856805040000001128e+00 8.261656666666667093e+01
3.499999980000000344e-01 5.088622640000001418e+00 7.178070400000001428e+01
3.599999999999999867e-01 4.421190960000000558e+00 6.236586720000001094e+01
3.700000020000000500e-01 3.841301112000000462e+00 5.418586826666668088e+01
3.799999980000000055e-01 3.337472200000000111e+00 4.707878640000001269e+01
3.900000000000000688e-01 2.899725384000000350e+00 4.090389973333333984e+01
4.000000020000000212e-01 2.519395599999999735e+00 3.553889600000000826e+01
4.099999979999999766e-01 2.188947463999999954e+00 3.087757133333333570e+01
4.199999999999999289e-01 1.901845568000000153e+00 2.675465773333333885e+01
4.300000019999999923e-01 1.653855703999999927e+00 2.346526666666667182e+01
4.399999980000000588e-01 1.432538840000000091e+00 2.108924280000000095e+01
4.500000000000000111e-01 1.232070847999999996e+00 1.899103653333333597e+01
4.600000019999999634e-01 1.052719503999999917e+00 1.678139640000000554e+01
4.699999980000000299e-01 8.964429200000000320e-01 1.497397813333333438e+01
4.800000000000000933e-01 7.532371520000000764e-01 1.396626173333333654e+01
4.900000020000000456e-01 6.171190800000000420e-01 1.325240160000000245e+01
4.999999980000000566e-01 4.881891200000000319e-01 1.244244893333333479e+01
5.100000000000000089e-01 3.682685672000000632e-01 1.151136946666666816e+01
5.200000020000000722e-01 2.579632648000000361e-01 1.056327506666666771e+01
5.299999979999999722e-01 1.570033447999999998e-01 9.635054666666668766e+00
5.400000000000000355e-01 6.526245040000000497e-02 8.718688933333334390e+00
5.500000019999999878e-01 -1.737041992000000132e-02 7.826799600000001966e+00
5.599999979999999988e-01 -9.127312320000001422e-02 6.981143466666668296e+00
5.699999999999999512e-01 -1.569937216000000246e-01 6.192724453333334544e+00
5.800000020000000145e-01 -2.151274728000000525e-01 5.456696093333334829e+00
5.899999980000000255e-01 -2.661279223999999943e-01 4.762249720000000686e+00
6.000000000000000888e-01 -3.103724672000000573e-01 4.097670133333334519e+00
6.100000020000000411e-01 -3.480811856000000093e-01 3.453996600000000861e+00
6.199999980000000521e-01 -3.794523992000000123e-01 2.832407613333333796e+00
6.300000000000001155e-01 -4.047291984000000453e-01 2.247728480000000584e+00
6.400000020000000678e-01 -4.244082240000000006e-01 1.717845800000000089e+00
6.499999980000000788e-01 -4.390856960000000253e-01 1.249035573333333593e+00
6.600000000000001421e-01 -4.493867040000000257e-01 8.353425733333335046e-01
6.700000020000000944e-01 -4.557924080000000377e-01 4.686930746666667646e-01
6.799999979999999944e-01 -4.587630480000000621e-01 1.478548893333333503e-01
6.899999999999999467e-01 -4.587504960000001186e-01 -1.262954346666666783e-01
7.000000020000000100e-01 -4.562359120000000212e-01 -3.595401853333333730e-01
7.099999980000000210e-01 -4.515582000000000207e-01 -5.664243413333334143e-01
7.199999999999999734e-01 -4.449056400000000466e-01 -7.589845733333334676e-01
7.300000020000000367e-01 -4.363786480000000356e-01 -9.389174933333335193e-01
7.399999980000000477e-01 -4.261278480000000313e-01 -1.098857866666666849e+00
7.500000000000000000e-01 -4.144026064000000398e-01 -1.229879826666666842e+00
7.600000019999999523e-01 -4.015313672000000444e-01 -1.325832893333333429e+00
7.699999980000000743e-01 -3.878856696000000381e-01 -1.386340506666666750e+00
7.800000000000001377e-01 -3.738048360000000292e-01 -1.420928240000000065e+00
7.900000020000000900e-01 -3.594675232000000831e-01 -1.450927520000000248e+00
7.999999980000001010e-01 -3.447862856000000198e-01 -1.500396346666666769e+00
8.100000000000001643e-01 -3.294594567999999946e-01 -1.578420973333333643e+00
8.200000020000001166e-01 -3.132175872000000361e-01 -1.669290480000000132e+00
8.299999979999999056e-01 -2.960736472000000119e-01 -1.742287333333333743e+00
8.399999999999998579e-01 -2.783719800000000189e-01 -1.773032760000000430e+00
8.500000020000000323e-01 -2.606129920000000433e-01 -1.756659373333333551e+00
8.599999980000000432e-01 -2.432389320000000188e-01 -1.703829400000000271e+00
8.699999999999999956e-01 -2.265364040000000245e-01 -1.631348573333333496e+00
8.800000019999999479e-01 -2.106116816000000169e-01 -1.555820400000000436e+00
8.899999980000000699e-01 -1.954199960000000402e-01 -1.487356213333333566e+00
9.000000000000000222e-01 -1.808646968000000299e-01 -1.424045320000000059e+00
9.100000019999999745e-01 -1.669390896000000069e-01 -1.356989746666666719e+00
9.199999980000002076e-01 -1.537247623999999924e-01 -1.280290053333333677e+00
9.300000000000001599e-01 -1.413334280000000109e-01 -1.194469240000000099e+00
9.400000020000001122e-01 -1.298353775999999959e-01 -1.103160413333333700e+00
9.499999980000000122e-01 -1.192699408000000016e-01 -1.010038520000000384e+00
9.600000000000001865e-01 -1.096346072000000116e-01 -9.174605466666667652e-01
9.700000020000001388e-01 -1.009205904000000098e-01 -8.265910400000001657e-01
9.799999979999999278e-01 -9.310278639999999828e-02 -7.397939600000001947e-01
9.899999999999998801e-01 -8.612471120000000924e-02 -6.607735413333334362e-01
1.000000001999999943e+00 -7.988720400000000332e-02 -5.910046440000000789e-01
1.009999998000000065e+00 -7.430491120000001781e-02 -5.288840986666667465e-01
1.020000000000000018e+00 -6.930963360000000351e-02 -4.740374373333333669e-01
1.030000001999999970e+00 -6.482396719999999890e-02 -4.283544333333334508e-01
1.039999998000000092e+00 -6.074247520000000677e-02 -3.926460853333333945e-01
1.050000000000000044e+00 -5.697101760000000681e-02 -3.654242840000000991e-01
1.060000001999999997e+00 -5.343386399999999758e-02 -3.445496106666667280e-01
1.069999998000000119e+00 -5.007996960000000303e-02 -3.285995053333334304e-01
1.080000000000000071e+00 -4.686205520000000929e-02 -3.185460506666667468e-01
1.090000002000000023e+00 -4.370941120000000624e-02 -3.170900186666666953e-01
1.099999998000000145e+00 -4.052019904000001005e-02 -3.236324000000000978e-01
1.110000000000000098e+00 -3.723659583999999745e-02 -3.320178333333334009e-01
1.120000002000000050e+00 -3.387985632000000552e-02 -3.296287693333333491e-01
1.129999997999999950e+00 -3.064403440000000242e-02 -3.474832920000000547e-01
1.139999999999999902e+00 -2.693019048000000124e-02 -4.213748240000000367e-01
1.150000002000000077e+00 -2.221653792000000127e-02 -7.154151866666668136e-01
1.159999997999999977e+00 -1.262183096000000192e-02 -9.281855333333335345e-01
1.169999999999999929e+00 -3.652774255999999969e-03 -6.758108373333334695e-01
1.180000001999999881e+00 8.943760240000000160e-04 -1.860262186666666873e-01
1.189999998000000003e+00 6.775067520000001677e-05 4.471887093333334201e-02
1.200000000000000178e+00 0.000000000000000000e+00 -3.116877773333333670e-02
