0.000000000000000000e+00 3.547388544179664223e+02 1.290319579079987534e+03
1.000000000000000194e-02 3.418356586271665378e+02 1.290319579079985260e+03
2.000000000000000389e-02 3.289324628363666534e+02 1.290319579079982759e+03
3.000000000000000583e-02 3.160292670455668258e+02 1.290319579079982759e+03
4.000000000000000777e-02 3.031260712547669982e+02 1.290319579079982759e+03
5.000000000000000278e-02 2.902228754639672275e+02 1.290319579079982759e+03
6.000000000000001166e-02 2.773196796731673999e+02 1.290319579079985260e+03
6.999999999999999278e-02 2.644164838823674586e+02 1.290319579079982759e+03
8.000000000000001554e-02 2.515132880915677163e+02 1.290319579079982759e+03
8.999999999999999667e-02 2.386100923007678318e+02 1.290319579079982759e+03
1.000000000000000056e-01 2.257068965099680611e+02 1.290319579079982759e+03
1.099999999999999867e-01 2.128037007191681766e+02 1.290319579079985260e+03
1.200000000000000233e-01 1.999005049283683491e+02 1.290319579079982759e+03
1.300000000000000044e-01 1.869973091375685499e+02 1.290319579079984123e+03
1.399999999999999856e-01 1.740941133467686655e+02 1.290319579079984123e+03
1.500000000000000222e-01 1.611909175559688663e+02 1.290319579079982759e+03
1.600000000000000311e-01 1.482877217651690103e+02 1.290319579079982759e+03
1.700000000000000122e-01 1.353845259743691827e+02 1.290319579079984123e+03
1.799999999999999933e-01 1.224813301835693409e+02 1.290319579079984123e+03
1.900000000000000022e-01 1.095781343927695275e+02 1.290319579079982759e+03
2.000000000000000111e-01 9.667493860196969990e+01 1.290319579079982759e+03
2.099999999999999645e-01 8.377174281116985810e+01 1.290319579079983669e+03
2.199999999999999734e-01 7.086854702037001630e+01 1.290319579079983669e+03
2.299999999999999822e-01 5.796535122957019581e+01 1.290319579079985488e+03
2.400000000000000466e-01 4.506215543877031138e+01 1.290319579079985942e+03
2.500000000000000000e-01 3.215895964797048379e+01 1.290319579079983441e+03
2.600000000000000089e-01 1.925576385717064909e+01 1.290319579079983214e+03
2.700000000000000178e-01 6.352568066370817945e+00 9.014420735758328647e+02
2.799999999999999711e-01 1.226922385653991476e+00 3.582144440233249725e+02
2.899999999999999800e-01 -8.117208140956807538e-01 1.153849618862793847e+02
3.000000000000000444e-01 -1.080776852071596128e+00 -1.087802102660479875e+01
3.099999999999999978e-01 -5.941603935635847433e-01 -3.461750381447703262e+01
3.200000000000000622e-01 -3.884267757820554778e-01 7.251811271762695021e+00
3.300000000000000711e-01 -7.391966189988387059e-01 5.207763188940915455e+01
3.400000000000000244e-01 -1.429979413570238611e+00 7.171336708267152460e+01
3.500000000000000333e-01 -2.173463960652268767e+00 7.281469336594486208e+01
3.599999999999999867e-01 -2.886273280889135595e+00 6.002621718983782273e+01
3.700000000000000511e-01 -3.373988304449025311e+00 3.311685255341458145e+01
3.800000000000000044e-01 -3.548610331957426922e+00 2.586819581076928554e+00
3.900000000000000688e-01 -3.425724696070564068e+00 -2.202047388294750974e+01
4.000000000000000222e-01 -3.108200854298476923e+00 -3.370617600040794315e+01
4.099999999999999756e-01 -2.751601176062405063e+00 -3.214184020200246295e+01
4.199999999999999289e-01 -2.465364050258427309e+00 -2.741832779316400348e+01
4.299999999999999933e-01 -2.203234620199124638e+00 -2.684091398580522636e+01
4.399999999999999467e-01 -1.928545770542323234e+00 -2.417553314490080041e+01
4.500000000000000111e-01 -1.719723957301108941e+00 -1.945998599483068148e+01
4.599999999999999645e-01 -1.539346050645709507e+00 -1.409183548512659279e+01
4.700000000000000289e-01 -1.437887247598577334e+00 -6.790790039873768613e+00
4.800000000000000933e-01 -1.403530249848234268e+00 -4.406508362462800754e+00
4.900000000000000466e-01 -1.349757080349321070e+00 -7.319169617987821397e+00
5.000000000000000000e-01 -1.257146857488477876e+00 -4.881581317737070158e+00
5.100000000000000089e-01 -1.252125453994579862e+00 1.995039547361284193e-01
5.200000000000000178e-01 -1.261136936583200363e+00 -1.447513268918850127e+00
5.300000000000000266e-01 -1.223175188616202780e+00 -3.866059559377733379e+00
5.400000000000000355e-01 -1.183815745395645935e+00 -2.294867328601232437e+00
5.500000000000000444e-01 -1.177277842044178069e+00 -2.023074839058211172e+00
5.599999999999999423e-01 -1.143354248614481428e+00 -4.383250781760610337e+00
5.699999999999999512e-01 -1.089612826408965951e+00 -6.326378257489505330e+00
5.799999999999999600e-01 -1.016826683464691516e+00 -1.003454641308850448e+01
5.899999999999999689e-01 -8.889218981471957992e-01 -1.246013081401266653e+01
6.000000000000000888e-01 -7.676240671844380969e-01 -1.030139915037256060e+01
6.099999999999999867e-01 -6.828939151397447338e-01 -6.988577861063902219e+00
6.199999999999999956e-01 -6.278525099631601103e-01 -7.022764292242162476e+00
6.300000000000001155e-01 -5.424386292949014976e-01 -7.832958393583355772e+00
6.400000000000001243e-01 -4.711933420914929949e-01 -6.689363412914527629e+00
6.500000000000000222e-01 -4.086513610366109273e-01 -5.769750053135341616e+00
6.600000000000001421e-01 -3.557983410287861581e-01 -4.842085982241261632e+00
6.700000000000000400e-01 -3.118096413917856857e-01 -5.970121559298220859e+00
6.800000000000000488e-01 -2.363959098428217720e-01 -7.902232665985140514e+00
6.899999999999999467e-01 -1.537649880720828865e-01 -6.013200033747956752e+00
7.000000000000000666e-01 -1.161319091678626597e-01 -1.036120818679355571e+00
7.099999999999999645e-01 -1.330425716984957873e-01 -9.905000532876216957e-01
7.199999999999999734e-01 -9.632190810211023468e-02 -3.794089433731366867e+00
7.299999999999999822e-01 -5.716078302386843474e-02 -2.662083752583052298e+00
7.400000000000001021e-01 -4.308023305044918899e-02 -1.277438018798437769e+00
7.500000000000000000e-01 -3.161202264789968186e-02 -4.815510903690683464e-01
7.600000000000000089e-01 -3.344921124306782928e-02 -1.675375291565788238e-01
7.700000000000000178e-01 -2.826127206476811149e-02 -1.934965988303699036e-01
7.800000000000001377e-01 -2.957927926646042663e-02 3.122013838561882859e-01
7.900000000000000355e-01 -3.450529974189187055e-02 6.798355769350808986e-01
8.000000000000000444e-01 -4.317599080516204557e-02 1.867214237808111771e-02
8.100000000000001643e-01 -3.487874258945349720e-02 -1.475222974357611738e+00
8.199999999999999512e-01 -1.367153131800981358e-02 -6.182445504903060218e-01
8.300000000000000711e-01 -2.251385157964738010e-02 6.472248340277593215e-01
8.399999999999998579e-01 -2.661602799856500196e-02 -3.385941095777799531e-02
8.500000000000000888e-01 -2.183666336049181964e-02 -3.043871749460650422e-01
8.599999999999999867e-01 -2.052828449964369875e-02 -8.777590548871122555e-02
8.699999999999999956e-01 -2.008114525071759415e-02 3.088978824898170883e-01
8.799999999999998934e-01 -2.670624214944003830e-02 2.544868504256918573e-01
8.900000000000001243e-01 -2.517088225923143005e-02 -8.037629138748925151e-02
9.000000000000000222e-01 -2.509871632169025438e-02 2.972077511437909436e-01
9.100000000000000311e-01 -3.111503728210724892e-02 -9.460467876854369851e-02
9.199999999999999289e-01 -2.320662274631938096e-02 -5.813737749013770939e-01
9.300000000000001599e-01 -1.948756178407970788e-02 -2.262841386529934606e-01
9.400000000000000577e-01 -1.868093997325951175e-02 2.151232615120412736e-02
9.500000000000000666e-01 -1.991780830710379244e-02 -5.620677582874952227e-01
9.600000000000001865e-01 -7.439584807509608613e-03 -8.792024792500826580e-01
9.699999999999999734e-01 -2.333758722102140248e-03 3.454791892026652933e-01
9.800000000000000933e-01 -1.434916859156291566e-02 3.102108729389391750e-01
9.899999999999998801e-01 -8.537976180880922292e-03 -1.170244842559419185e+00
1.000000000000000000e+00 9.055728259625467694e-03 -1.733313808921125077e+00
1.010000000000000009e+00 2.612829999754157431e-02 -4.816794301045026483e-01
1.020000000000000018e+00 1.868931686171551934e-02 8.276479894917574409e-01
1.030000000000000027e+00 9.575340207706424869e-03 5.526983818420123651e-01
1.040000000000000036e+00 7.635349224875274260e-03 -3.605647405746683631e-01
1.050000000000000044e+00 1.678663501919979220e-02 -7.052455275873448226e-01
1.060000000000000053e+00 2.174025977662216724e-02 -4.429330946820130843e-01
1.070000000000000062e+00 2.564529691284005500e-02 -2.762233135582607968e-01
1.080000000000000071e+00 2.726472604778738471e-02 -2.213515687679232583e-02
1.090000000000000080e+00 2.608800005037590145e-02 1.966787309968798803e-01
1.100000000000000089e+00 2.333115142784978474e-02 2.817992638120731530e-01
1.110000000000000098e+00 2.045201477413443811e-02 1.472397216401037101e-01
1.119999999999999885e+00 2.038635699504771220e-02 -5.270553909013778182e-02
1.130000000000000115e+00 2.150612555593719305e-02 -3.554482359006908704e-02
1.139999999999999902e+00 2.109725346684909394e-02 2.183906405468978296e-01
1.150000000000000133e+00 1.713831274499923868e-02 3.996534942012684999e-01
1.159999999999999920e+00 1.310418358282372520e-02 7.421802351622861504e-01
1.169999999999999929e+00 2.294708041753516781e-03 6.413944738678372115e-01
1.179999999999999938e+00 2.762941054669792876e-04 1.135364961249588772e-01
1.190000000000000169e+00 2.397811925433915431e-05 1.381470527334896677e-02
1.200000000000000178e+00 0.000000000000000000e+00 2.397811925433915390e-03
