0.000000000000000000e+00 6.400370587028642433e+01 1.914668894157301509e+02
1.000000000000000194e-02 6.208903697612911543e+01 1.914668894157307193e+02
2.000000000000000389e-02 6.017436808197180653e+01 1.914668894157307193e+02
3.000000000000000583e-02 5.825969918781450474e+01 1.914668894157301509e+02
4.000000000000000777e-02 5.634503029365720295e+01 1.914668894157307193e+02
5.000000000000000278e-02 5.443036139949988694e+01 1.914668894157307193e+02
6.000000000000001166e-02 5.251569250534258515e+01 1.914668894157307193e+02
6.999999999999999278e-02 5.060102361118527625e+01 1.914668894157307193e+02
8.000000000000001554e-02 4.868635471702797446e+01 1.914668894157307193e+02
8.999999999999999667e-02 4.677168582287065846e+01 1.914668894157304635e+02
1.000000000000000056e-01 4.485701692871337087e+01 1.914668894157304635e+02
1.099999999999999867e-01 4.294234803455605487e+01 1.914668894157310604e+02
1.200000000000000233e-01 4.102767914039874597e+01 1.914668894157307193e+02
1.300000000000000044e-01 3.911301024624143707e+01 1.914668894157304635e+02
1.399999999999999856e-01 3.719834135208414239e+01 1.914668894157304635e+02
1.500000000000000222e-01 3.528367245792683349e+01 1.914668894157307193e+02
1.600000000000000311e-01 3.336900356376952459e+01 1.914668894157304635e+02
1.700000000000000122e-01 3.145433466961222280e+01 1.914668894157304635e+02
1.799999999999999933e-01 2.953966577545491390e+01 1.914668894157307193e+02
1.900000000000000022e-01 2.762499688129760855e+01 1.914668894157304635e+02
2.000000000000000111e-01 2.571032798714030676e+01 1.914668894157304635e+02
2.099999999999999645e-01 2.379565909298300141e+01 1.914668894157305772e+02
2.199999999999999734e-01 2.188099019882569607e+01 1.914668894157305772e+02
2.299999999999999822e-01 1.996632130466838717e+01 1.914668894157310604e+02
2.400000000000000466e-01 1.805165241051107472e+01 1.914668894157308898e+02
2.500000000000000000e-01 1.613698351635376937e+01 1.914668894157304635e+02
2.600000000000000089e-01 1.422231462219646581e+01 1.914668894157305772e+02
2.700000000000000178e-01 1.230764572803915868e+01 1.914668894157305772e+02
2.799999999999999711e-01 1.039297683388185334e+01 1.914668894157305772e+02
2.899999999999999800e-01 8.478307939724546216e+00 1.914668894157306056e+02
3.000000000000000444e-01 6.563639045567241759e+00 1.914668894157302361e+02
3.099999999999999978e-01 4.648970151409942630e+00 1.550287646162510669e+02
3.200000000000000622e-01 3.463063753242220599e+00 1.033811295730109805e+02
3.300000000000000711e-01 2.581347559949723536e+00 7.877036174392659973e+01
3.400000000000000244e-01 1.887656518363688862e+00 6.244542583747740139e+01
3.500000000000000333e-01 1.332439043200175588e+00 4.998717291843832555e+01
3.599999999999999867e-01 8.879130599949224267e-01 3.985000899067728852e+01
3.700000000000000511e-01 5.354388633866296043e-01 3.151637401088881774e+01
3.800000000000000044e-01 2.575855797771460232e-01 2.463411995633703455e+01
3.900000000000000688e-01 4.275646425988899324e-02 1.881356022986840770e+01
4.000000000000000222e-01 -1.186856248202221437e-01 1.380974941163591119e+01
4.099999999999999756e-01 -2.334385239728291594e-01 9.525055893296213938e+00
4.199999999999999289e-01 -3.091867426861464319e-01 5.892800675086675710e+00
4.299999999999999933e-01 -3.512945374745626848e-01 2.830714909217141972e+00
4.399999999999999467e-01 -3.658010408704892580e-01 2.976281564121615597e-01
4.500000000000000111e-01 -3.572471006028059004e-01 -1.715431721374442775e+00
4.599999999999999645e-01 -3.314924064430003758e-01 -3.214014938189594606e+00
4.700000000000000289e-01 -2.929668018390140238e-01 -4.232839020141306641e+00
4.800000000000000933e-01 -2.468356260401742552e-01 -4.808710222461313855e+00
4.900000000000000466e-01 -1.967925973897877434e-01 -5.010655672329551891e+00
5.000000000000000000e-01 -1.466225125935832485e-01 -4.922884658106214673e+00
5.100000000000000089e-01 -9.833490422766348604e-02 -4.613737370619036327e+00
5.200000000000000178e-01 -5.434776518120251754e-02 -4.148546459295216593e+00
5.300000000000000266e-01 -1.536397504175916577e-02 -3.634640728406913546e+00
5.400000000000000355e-01 1.834504938693574255e-02 -3.112928986807558474e+00
5.500000000000000444e-01 4.689460469439198781e-02 -2.596309486201935357e+00
5.599999999999999423e-01 7.027123911097443720e-02 -2.131977110401194864e+00
5.699999999999999512e-01 8.953414690241588703e-02 -1.763772249977780815e+00
5.799999999999999600e-01 1.055466841105300591e-01 -1.467896420596261020e+00
5.899999999999999689e-01 1.188920753143410947e-01 -1.224164978361884204e+00
6.000000000000000888e-01 1.300299836777677465e-01 -1.056110083522456167e+00
6.099999999999999867e-01 1.400142769847902147e-01 -9.610308814028005742e-01
6.199999999999999956e-01 1.492506013058237380e-01 -8.628956446513984524e-01
6.300000000000001155e-01 1.572721898778181859e-01 -7.181416610591263572e-01
6.400000000000001243e-01 1.636134345270062740e-01 -5.418097050400382253e-01
6.500000000000000222e-01 1.681083839786189360e-01 -3.713694754950264687e-01
6.600000000000001421e-01 1.710408240369067912e-01 -2.499670997199990863e-01
6.700000000000000400e-01 1.731077259730189333e-01 -2.127389974980698484e-01
6.800000000000000488e-01 1.752956039868681926e-01 -2.501036995931984475e-01
6.899999999999999467e-01 1.781097999648829089e-01 -3.027652841589815735e-01
7.000000000000000666e-01 1.813509096700478274e-01 -3.203536998855838203e-01
7.099999999999999645e-01 1.845168739625945853e-01 -2.823592617671871752e-01
7.199999999999999734e-01 1.869980949053915986e-01 -1.767982626650757283e-01
7.299999999999999822e-01 1.880528392158961060e-01 -2.537020899821582770e-02
7.400000000000001021e-01 1.875054990853558812e-01 1.304188306652256935e-01
7.500000000000000000e-01 1.854444626025915643e-01 2.594585780313514167e-01
7.600000000000000089e-01 1.823163275247288717e-01 3.561262244697208645e-01
7.700000000000000178e-01 1.783219381131971593e-01 4.254215029790395231e-01
7.800000000000001377e-01 1.738078974651480757e-01 4.689190444142903869e-01
7.900000000000000355e-01 1.689435572249113615e-01 4.941389427124981415e-01
8.000000000000000444e-01 1.639251186108980907e-01 4.958635058472994350e-01
8.100000000000001643e-01 1.590262871079653473e-01 4.661476262368113299e-01
8.199999999999999512e-01 1.546021660861618963e-01 4.104646251007542657e-01
8.300000000000000711e-01 1.508169946059502720e-01 3.355530148640423760e-01
8.399999999999998579e-01 1.478911057888810388e-01 2.576618422560724153e-01
8.500000000000000888e-01 1.456637577608288214e-01 1.855017492469502038e-01
8.599999999999999867e-01 1.441810708039420186e-01 1.187772525816401525e-01
8.699999999999999956e-01 1.432882127091960334e-01 5.523712260151146525e-02
8.799999999999998934e-01 1.430763283519118079e-01 -3.030873232894169562e-03
8.900000000000001243e-01 1.433488301738538861e-01 -3.932667369695846959e-02
9.000000000000000222e-01 1.438628618258509517e-01 -4.662395458147745864e-02
9.100000000000000311e-01 1.442813092654834650e-01 -2.891449796030665792e-02
9.199999999999999289e-01 1.444411517850570925e-01 5.733291008029678219e-03
9.300000000000001599e-01 1.441666434453228729e-01 4.939203566016834440e-02
9.400000000000000577e-01 1.434533110718537174e-01 1.014402877958978794e-01
9.500000000000000666e-01 1.421378376894049111e-01 1.684902682569371646e-01
9.600000000000001865e-01 1.400835057067149891e-01 2.526070611093183538e-01
9.699999999999999734e-01 1.370856964672185485e-01 3.484002751164430589e-01
9.800000000000000933e-01 1.331155002043861446e-01 4.442830678855635429e-01
9.899999999999998801e-01 1.282000351095072821e-01 5.265118250622627949e-01
1.000000000000000000e+00 1.225852637031408787e-01 5.829734833618250844e-01
1.010000000000000009e+00 1.165405654422707743e-01 6.172686300941924165e-01
1.020000000000000018e+00 1.102398911012570371e-01 6.416513501366314376e-01
1.030000000000000027e+00 1.037075384395381439e-01 6.602666487265540507e-01
1.040000000000000036e+00 9.703455812672595604e-02 6.670735073727162012e-01
1.050000000000000044e+00 9.036606829208382319e-02 6.606710441415585278e-01
1.060000000000000053e+00 8.382113724389478326e-02 6.483996553442317179e-01
1.070000000000000062e+00 7.739807518519918605e-02 6.361985043431005460e-01
1.080000000000000071e+00 7.109716715703276457e-02 6.252402577618872970e-01
1.090000000000000080e+00 6.489327002996145288e-02 6.157042104057798282e-01
1.100000000000000089e+00 5.878308294891717439e-02 6.080076605405793089e-01
1.110000000000000098e+00 5.273311681914986254e-02 6.031006421692125530e-01
1.119999999999999885e+00 4.672107010553292611e-02 6.016697845492884333e-01
1.130000000000000115e+00 4.069972112816409165e-02 6.007605379996457939e-01
1.139999999999999902e+00 3.470585934554000496e-02 5.976210871239471256e-01
1.150000000000000133e+00 2.874729938568515442e-02 5.935885400950146051e-01
1.159999999999999920e+00 2.283408854363971549e-02 1.092804999925431897e+00
1.169999999999999929e+00 6.891199387176515437e-03 1.102416238881010146e+00
1.179999999999999938e+00 7.857637660195159173e-04 3.412702787536947002e-01
1.190000000000000169e+00 6.579381210262315728e-05 3.928818830097580150e-02
1.200000000000000178e+00 0.000000000000000000e+00 6.579381210262317571e-03
