0.000000000000000000e+00 3.227969941249219801e+02 7.946174121131548418e+02
1.000000000000000194e-02 3.148508200037904317e+02 7.945935740675510033e+02
2.000000000000000389e-02 3.069051226435709623e+02 7.945935740675535044e+02
3.000000000000000583e-02 2.989589485224393570e+02 7.946174121131548418e+02
4.000000000000000777e-02 2.910127744013078086e+02 7.945935740675510033e+02
5.000000000000000278e-02 2.830670770410883392e+02 7.945935740675510033e+02
6.000000000000001166e-02 2.751209029199567908e+02 7.946174121131524544e+02
6.999999999999999278e-02 2.671747287988252992e+02 7.945935740675510033e+02
8.000000000000001554e-02 2.592290314386057730e+02 7.945935740675510033e+02
8.999999999999999667e-02 2.512828573174742530e+02 7.946174121131524544e+02
1.000000000000000056e-01 2.433366831963427330e+02 7.945935740675486159e+02
1.099999999999999867e-01 2.353909858361232637e+02 7.945935740675510033e+02
1.200000000000000233e-01 2.274448117149917152e+02 7.946174121131548418e+02
1.300000000000000044e-01 2.194986375938601952e+02 7.945935740675510033e+02
1.399999999999999856e-01 2.115529402336406974e+02 7.945935740675499801e+02
1.500000000000000222e-01 2.036067661125091774e+02 7.946174121131524544e+02
1.600000000000000311e-01 1.956605919913776575e+02 7.945935740675510033e+02
1.700000000000000122e-01 1.877148946311581597e+02 7.945935740675510033e+02
1.799999999999999933e-01 1.797687205100266397e+02 7.946174121131524544e+02
1.900000000000000022e-01 1.718225463888951197e+02 7.945935740675510033e+02
2.000000000000000111e-01 1.638768490286756219e+02 7.945935740675510033e+02
2.099999999999999645e-01 1.559306749075441019e+02 7.946174121131560923e+02
2.199999999999999734e-01 1.479845007864124966e+02 7.945935740675510033e+02
2.299999999999999822e-01 1.400388034261930841e+02 7.945935740675499801e+02
2.400000000000000466e-01 1.320926293050615072e+02 7.946174121131548418e+02
2.500000000000000000e-01 1.241464551839299730e+02 7.945935740675510033e+02
2.600000000000000089e-01 1.162007578237104894e+02 7.945935740675510033e+02
2.700000000000000178e-01 1.082545837025789552e+02 7.946174121131524544e+02
2.799999999999999711e-01 1.003084095814474352e+02 7.945935740675510033e+02
2.899999999999999800e-01 9.236271222122793745e+01 7.945935740675510033e+02
3.000000000000000444e-01 8.441653810009641745e+01 7.946174121131531365e+02
3.099999999999999978e-01 7.647036397896488324e+01 7.945935740675504348e+02
3.200000000000000622e-01 6.852466661874541387e+01 7.945935740675523675e+02
3.300000000000000711e-01 6.057849249761383703e+01 7.946174121131548418e+02
3.400000000000000244e-01 5.263231837648230993e+01 7.945935740675496390e+02
3.500000000000000333e-01 4.468662101626284766e+01 7.945935740675499801e+02
3.599999999999999867e-01 3.674044689513131345e+01 7.946174121131527954e+02
3.700000000000000511e-01 2.879427277399978991e+01 9.258142745651808809e+02
3.800000000000000044e-01 1.822416140382770067e+01 9.050998417418488771e+02
3.900000000000000688e-01 1.069227593916281727e+01 4.626787718502555435e+02
4.000000000000000222e-01 8.970585966822589796e+00 1.739694960492897735e+02
4.099999999999999756e-01 7.212886018177020908e+00 1.722601531813027691e+02
4.199999999999999289e-01 5.525382903196535800e+00 1.567016571541873873e+02
4.299999999999999933e-01 4.078852875093272878e+00 1.336214361057200222e+02
4.399999999999999467e-01 2.852954181082135499e+00 1.119475471334617680e+02
4.500000000000000111e-01 1.839901932424038211e+00 9.680228594585128121e+01
4.599999999999999645e-01 9.169084621651094613e-01 8.435575016127340575e+01
4.700000000000000289e-01 1.527869291985701483e-01 7.009819143992299928e+01
4.800000000000000933e-01 -4.850553666333502489e-01 5.979471835382010170e+01
4.900000000000000466e-01 -1.043107437877832000e+00 5.094837695072984474e+01
5.000000000000000000e-01 -1.504022905647947050e+00 4.058785081402059092e+01
5.100000000000000089e-01 -1.854864454158243747e+00 3.210804897046642736e+01
5.200000000000000178e-01 -2.146183885057275642e+00 2.450028481077936604e+01
5.300000000000000266e-01 -2.344870150373830953e+00 1.692248343823448664e+01
5.400000000000000355e-01 -2.484633553821965268e+00 1.025414944136421980e+01
5.500000000000000444e-01 -2.549953139201114993e+00 4.244511946428527693e+00
5.599999999999999423e-01 -2.569523792750536106e+00 -1.482749504572748789e+00
5.699999999999999512e-01 -2.520298149109660102e+00 -6.766843919237152782e+00
5.799999999999999600e-01 -2.434186914365792820e+00 -1.002348577536962182e+01
5.899999999999999689e-01 -2.319828433602268092e+00 -1.387846666803316964e+01
6.000000000000000888e-01 -2.156617581005129569e+00 -1.718183343567435983e+01
6.099999999999999867e-01 -1.976191764888780567e+00 -1.832008334782051051e+01
6.199999999999999956e-01 -1.790215914048719270e+00 -2.012474210439445343e+01
6.300000000000001155e-01 -1.573696922800891684e+00 -2.028153800048637478e+01
6.400000000000001243e-01 -1.384585154038991961e+00 -1.896586350715583436e+01
6.500000000000000222e-01 -1.194379652657775015e+00 -1.877125903891431236e+01
6.600000000000001421e-01 -1.009159973260705501e+00 -1.791898476013473385e+01
6.700000000000000400e-01 -8.359999574550803780e-01 -1.679435393184725811e+01
6.800000000000000488e-01 -6.732728946237604983e-01 -1.568176903050427384e+01
6.899999999999999467e-01 -5.223645768449949323e-01 -1.562254903143899476e+01
7.000000000000000666e-01 -3.608219139949806475e-01 -1.415872218816731021e+01
7.099999999999999645e-01 -2.391901330816487148e-01 -1.235621001344507697e+01
7.199999999999999734e-01 -1.136977137260791471e-01 -1.251843252017830643e+01
7.299999999999999822e-01 1.117851732191742394e-02 -1.146010639700507916e+01
7.400000000000001021e-01 1.155044142140224522e-01 -8.750568976828494883e+00
7.500000000000000000e-01 1.861898968584873026e-01 -6.960845095309847963e+00
7.600000000000000089e-01 2.547213161202193654e-01 -5.915499735157773387e+00
7.700000000000000178e-01 3.044998915616427548e-01 -4.120887431514299593e+00
7.800000000000001377e-01 3.371390647505053684e-01 -2.509114252924807609e+00
7.900000000000000355e-01 3.546821766201389559e-01 -1.611858027144888794e+00
8.000000000000000444e-01 3.693762252934031376e-01 -1.204808472766060401e+00
8.100000000000001643e-01 3.787783460754601261e-01 -9.555133790172689601e-01
8.199999999999999512e-01 3.884864928737484790e-01 -8.120179883630178341e-02
8.300000000000000711e-01 3.804023820521861832e-01 1.882593664778985154e+00
8.399999999999998579e-01 3.508346195781688048e-01 4.798283880433309001e+00
8.500000000000000888e-01 2.844367044435199832e-01 5.415643679315489400e+00
8.599999999999999867e-01 2.425217459918590501e-01 4.974013927150820358e+00
8.699999999999999956e-01 1.849564259005035960e-01 5.815056182753989056e+00
8.799999999999998934e-01 1.262206223367792757e-01 6.792097660472166787e+00
8.900000000000001243e-01 4.911447269106027080e-02 7.092655779350999445e+00
9.000000000000000222e-01 -1.563249325024066924e-02 6.161201622788483157e+00
9.100000000000000311e-01 -7.410955976470937068e-02 5.670001608083918399e+00
9.199999999999999289e-01 -1.290325254119190357e-01 6.112524888064546857e+00
9.300000000000001599e-01 -1.963600575260002756e-01 6.921557964619914571e+00
9.400000000000000577e-01 -2.674636847043173060e-01 6.989246152898615172e+00
9.500000000000000666e-01 -3.361449805839725746e-01 5.371093583486906908e+00
9.600000000000001865e-01 -3.748855563740554064e-01 4.297483708784123557e+00
9.699999999999999734e-01 -4.220946547596550191e-01 4.384638334977383423e+00
9.800000000000000933e-01 -4.625783230736030815e-01 3.906063522687436063e+00
9.899999999999998801e-01 -5.002159252134037448e-01 2.339379560438756389e+00
1.000000000000000000e+00 -5.093659142823782071e-01 7.970733641762525190e-01
1.010000000000000009e+00 -5.161573924969288241e-01 2.644713757874451055e-03
1.020000000000000018e+00 -5.094188085575357405e-01 -7.808732988575288747e-01
1.030000000000000027e+00 -5.005399265197781888e-01 -6.754990717227583596e-01
1.040000000000000036e+00 -4.959088271230805423e-01 -1.018339650257159335e+00
1.050000000000000044e+00 -4.801731335146350310e-01 -1.954894495613898053e+00
1.060000000000000053e+00 -4.568109372108025701e-01 -1.904495390134474553e+00
1.070000000000000062e+00 -4.420832257119455266e-01 -1.551367644799382939e+00
1.080000000000000071e+00 -4.257835843148148891e-01 -2.238236493209492473e+00
1.090000000000000080e+00 -3.973184958477556927e-01 -4.195486068161758730e+00
1.100000000000000089e+00 -3.418738629515797323e-01 -5.135292925643221373e+00
1.110000000000000098e+00 -2.946126373348912919e-01 -5.166270931148057244e+00
1.119999999999999885e+00 -2.385484443286186307e-01 -5.589959329516259956e+00
1.130000000000000115e+00 -1.828134507445660917e-01 -5.181861656697734020e+00
1.139999999999999902e+00 -1.349112111946639825e-01 -4.833918158481988137e+00
1.150000000000000133e+00 -8.613508757492635559e-02 -4.446991441207449824e+00
1.159999999999999920e+00 -4.597138237051497101e-02 -4.221780413919018038e+00
1.169999999999999929e+00 -1.699479296545995059e-03 -2.322524886044512016e+00
1.179999999999999938e+00 4.791153503752601734e-04 -8.726105821909828364e-02
1.190000000000000169e+00 4.574186783597015450e-05 2.395576751876301105e-02
1.200000000000000178e+00 0.000000000000000000e+00 4.574186783597014583e-03
