0.000000000000000000e+00 3.132114030813284558e+02 8.927667426871448697e+02
1.000000000000000194e-02 3.042837356544569616e+02 8.927399602205147175e+02
2.000000000000000389e-02 2.953566038769180864e+02 8.927399602205124438e+02
3.000000000000000583e-02 2.864289364500467059e+02 8.927667426871448697e+02
4.000000000000000777e-02 2.775012690231752117e+02 8.927399602205147175e+02
5.000000000000000278e-02 2.685741372456363933e+02 8.927399602205147175e+02
6.000000000000001166e-02 2.596464698187649560e+02 8.927667426871496446e+02
6.999999999999999278e-02 2.507188023918934334e+02 8.927399602205172187e+02
8.000000000000001554e-02 2.417916706143545866e+02 8.927399602205147175e+02
8.999999999999999667e-02 2.328640031874831209e+02 8.927667426871473708e+02
1.000000000000000056e-01 2.239363357606116267e+02 8.927399602205147175e+02
1.099999999999999867e-01 2.150092039830728368e+02 8.927399602205135807e+02
1.200000000000000233e-01 2.060815365562013710e+02 8.927667426871473708e+02
1.300000000000000044e-01 1.971538691293298768e+02 8.927399602205160818e+02
1.399999999999999856e-01 1.882267373517910585e+02 8.927399602205147175e+02
1.500000000000000222e-01 1.792990699249195927e+02 8.927667426871462339e+02
1.600000000000000311e-01 1.703714024980481270e+02 8.927399602205160818e+02
1.700000000000000122e-01 1.614442707205092802e+02 8.927399602205147175e+02
1.799999999999999933e-01 1.525166032936378429e+02 8.927667426871448697e+02
1.900000000000000022e-01 1.435889358667663771e+02 8.927399602205160818e+02
2.000000000000000111e-01 1.346618040892275303e+02 8.927399602205160818e+02
2.099999999999999645e-01 1.257341366623560646e+02 8.927667426871473708e+02
2.199999999999999734e-01 1.168064692354845562e+02 8.927399602205160818e+02
2.299999999999999822e-01 1.078793374579457520e+02 8.927399602205155134e+02
2.400000000000000466e-01 9.895167003107425785e+01 8.927667426871468024e+02
2.500000000000000000e-01 9.002400260420280631e+01 8.927399602205155134e+02
2.600000000000000089e-01 8.109687082666395952e+01 8.927399602205155134e+02
2.700000000000000178e-01 7.216920339979250798e+01 8.927667426871456655e+02
2.799999999999999711e-01 6.324153597292104934e+01 8.927399602205160818e+02
2.899999999999999800e-01 5.431440419538219544e+01 8.927399602205156270e+02
3.000000000000000444e-01 4.538673676851073679e+01 8.927667426871456655e+02
3.099999999999999978e-01 3.645906934163927815e+01 8.927399602205138081e+02
3.200000000000000622e-01 2.753193756410045623e+01 1.114403523435064017e+03
3.300000000000000711e-01 1.417099887293800187e+01 8.504469765272505128e+02
3.400000000000000244e-01 1.052299803355544761e+01 2.914053215095233327e+02
3.500000000000000333e-01 8.342892442747537274e+00 2.030098785600375493e+02
3.599999999999999867e-01 6.462800462354696407e+00 1.746187025446003247e+02
3.700000000000000511e-01 4.850518391855530353e+00 1.475322050261322886e+02
3.800000000000000044e-01 3.512156361832051488e+00 1.217033768102796216e+02
3.900000000000000688e-01 2.416450855649938667e+00 9.927786183268500508e+01
4.000000000000000222e-01 1.526599125178351724e+00 8.089687784261376180e+01
4.099999999999999756e-01 7.985132987976636398e-01 6.558469682251086397e+01
4.199999999999999289e-01 2.149051887281345219e-01 5.215493054197310840e+01
4.299999999999999933e-01 -2.445853120417984528e-01 4.021082769584120342e+01
4.399999999999999467e-01 -5.893113651886894289e-01 2.881814238601711153e+01
4.500000000000000111e-01 -8.209481597621406390e-01 1.812153665071106090e+01
4.599999999999999645e-01 -9.517420982029106691e-01 1.009592010868904666e+01
4.700000000000000289e-01 -1.022866561935921625e+00 4.358471508346644541e+00
4.800000000000000933e-01 -1.038911528369843573e+00 -3.490953789255445971e-01
4.900000000000000466e-01 -1.015884654357410710e+00 -4.865835393563338940e+00
5.000000000000000000e-01 -9.415948204985767900e-01 -8.306524048025648810e+00
5.100000000000000089e-01 -8.497541733968977384e-01 -9.665569548356447882e+00
5.200000000000000178e-01 -7.482834295314477746e-01 -1.000978677409505124e+01
5.300000000000000266e-01 -6.495584379149966781e-01 -1.000940313565444839e+01
5.400000000000000355e-01 -5.480953668183587979e-01 -9.941232227136671540e+00
5.500000000000000444e-01 -4.507337933722633250e-01 -1.008033772883835155e+01
5.599999999999999423e-01 -3.464886122415918313e-01 -8.956056788722548845e+00
5.699999999999999512e-01 -2.716126575978123903e-01 -5.712928924826822907e+00
5.799999999999999600e-01 -2.322300337450553531e-01 -2.721308049951668639e+00
5.899999999999999689e-01 -2.171864965987789775e-01 -1.541890386803810076e+00
6.000000000000000888e-01 -2.013922260089791860e-01 1.269293183166515071e+00
6.099999999999999867e-01 -2.425723602621092656e-01 5.381720753727527118e+00
6.199999999999999956e-01 -3.090266410835296740e-01 7.930540757436181032e+00
6.300000000000001155e-01 -4.011831754108328707e-01 9.908977610946360315e+00
6.400000000000001243e-01 -5.072061933024568647e-01 1.033316978931602215e+01
6.500000000000000222e-01 -6.078465711971532404e-01 9.639722143066556725e+00
6.600000000000001421e-01 -7.000006361637879371e-01 8.845661861912502033e+00
6.700000000000000400e-01 -7.847598084354033832e-01 8.483535190154311678e+00
6.800000000000000488e-01 -8.696713399668742905e-01 7.407680240715825981e+00
6.899999999999999467e-01 -9.329134132497198806e-01 5.414854615707106689e+00
7.000000000000000666e-01 -9.779684322810163755e-01 4.798360372053820377e+00
7.099999999999999645e-01 -1.028880620690796333e+00 4.682245149189831146e+00
7.199999999999999734e-01 -1.071613335264813172e+00 4.049790483630951954e+00
7.299999999999999822e-01 -1.109876430363415212e+00 2.948433643724551523e+00
7.400000000000001021e-01 -1.130582008139304095e+00 1.253873510034916094e+00
7.500000000000000000e-01 -1.134953900564113605e+00 -6.552163065371767736e-01
7.600000000000000089e-01 -1.117477682008560347e+00 -2.559222701143121004e+00
7.700000000000000178e-01 -1.083769446541251291e+00 -3.813075454631448036e+00
7.800000000000001377e-01 -1.041216172915931493e+00 -5.079250163712520916e+00
7.900000000000000355e-01 -9.821844432670008285e-01 -6.287036819886861139e+00
8.000000000000000444e-01 -9.154754365181942966e-01 -6.677598635199738730e+00
8.100000000000001643e-01 -8.486324705630060583e-01 -6.831318919712208171e+00
8.199999999999999512e-01 -7.788490581239502220e-01 -6.951248988440038801e+00
8.300000000000000711e-01 -7.096074907942052645e-01 -7.153968783859534497e+00
8.399999999999998579e-01 -6.357696824467594654e-01 -7.446866826501317149e+00
8.500000000000000888e-01 -5.606701542641789882e-01 -7.620765583072075522e+00
8.599999999999999867e-01 -4.833543707853179550e-01 -7.784872804819777947e+00
8.699999999999999956e-01 -4.049726981677833626e-01 -7.515802773160724648e+00
8.799999999999998934e-01 -3.330383153221034842e-01 -6.748294490591789874e+00
8.900000000000001243e-01 -2.700068083559476473e-01 -6.363664039908598191e+00
9.000000000000000222e-01 -2.057650345239315226e-01 -6.123960170286089522e+00
9.100000000000000311e-01 -1.475276049502258491e-01 -5.528253765555795951e+00
9.199999999999999289e-01 -9.519995921281561302e-02 -4.906948553596476970e+00
9.300000000000001599e-01 -4.938863387829630497e-02 -4.146836291360358473e+00
9.400000000000000577e-01 -1.226323338560846368e-02 -3.313230376345637662e+00
9.500000000000000666e-01 1.687597364861644425e-02 -2.586845089851767643e+00
9.600000000000001865e-01 3.947366841142688904e-02 -1.893213608161332440e+00
9.699999999999999734e-01 5.474024581184308569e-02 -1.440306206864235827e+00
9.800000000000000933e-01 6.827979254871159587e-02 -1.023041772733983334e+00
9.899999999999998801e-01 7.520108126652275127e-02 -6.702801748739880550e-01
1.000000000000000000e+00 8.168539604619136363e-02 -9.796003490215850207e-02
1.010000000000000009e+00 7.716028196456592436e-02 5.826126804257707459e-01
1.020000000000000018e+00 7.003314243767594371e-02 9.433395334130825205e-01
1.030000000000000027e+00 5.829349129630427562e-02 1.586699634029436812e+00
1.040000000000000036e+00 3.829914975708721692e-02 2.379285001783665088e+00
1.050000000000000044e+00 1.070779126063097809e-02 3.231563607930129756e+00
1.060000000000000053e+00 -2.633212240151537598e-02 3.529384497367236140e+00
1.070000000000000062e+00 -5.987989868671373533e-02 3.198849553590988659e+00
1.080000000000000071e+00 -9.030911347333514527e-02 3.012301655707875891e+00
1.090000000000000080e+00 -1.201259318008712357e-01 2.367359637365195724e+00
1.100000000000000089e+00 -1.376563062206390409e-01 1.006643548737521821e+00
1.110000000000000098e+00 -1.402588027756216937e-01 -5.082135266113476657e-01
1.119999999999999885e+00 -1.274920356884120809e-01 -1.691163707479431011e+00
1.130000000000000115e+00 -1.064355286260330602e-01 -2.125055928700454455e+00
1.139999999999999902e+00 -8.499091711440301400e-02 -2.335328416182416600e+00
1.150000000000000133e+00 -5.972896030238472598e-02 -2.502515051581437167e+00
1.159999999999999920e+00 -3.494061608277426734e-02 -2.856795962185783022e+00
1.169999999999999929e+00 -2.593041058669076464e-03 -1.745740941557183401e+00
1.179999999999999938e+00 -2.579725163060580769e-05 -1.294383199225540293e-01
1.190000000000000169e+00 -4.274660217996501145e-06 -1.289862581530290412e-03
1.200000000000000178e+00 0.000000000000000000e+00 -4.274660217996501823e-04
