0.000000000000000000e+00 1.524795901316409470e+02 3.902837402622804461e+02
1.000000000000000194e-02 1.485767527290181249e+02 3.902837402622792524e+02
2.000000000000000389e-02 1.446739153263953597e+02 3.902837402622804461e+02
3.000000000000000583e-02 1.407710779237725376e+02 3.902837402622804461e+02
4.000000000000000777e-02 1.368682405211497723e+02 3.902837402622792524e+02
5.000000000000000278e-02 1.329654031185269503e+02 3.902837402622792524e+02
6.000000000000001166e-02 1.290625657159041850e+02 3.902837402622792524e+02
6.999999999999999278e-02 1.251597283132813629e+02 3.902837402622804461e+02
8.000000000000001554e-02 1.212568909106585551e+02 3.902837402622804461e+02
8.999999999999999667e-02 1.173540535080357614e+02 3.902837402622792524e+02
1.000000000000000056e-01 1.134512161054129820e+02 3.902837402622792524e+02
1.099999999999999867e-01 1.095483787027901741e+02 3.902837402622798777e+02
1.200000000000000233e-01 1.056455413001673804e+02 3.902837402622798777e+02
1.300000000000000044e-01 1.017427038975445868e+02 3.902837402622798777e+02
1.399999999999999856e-01 9.783986649492177889e+01 3.902837402622792524e+02
1.500000000000000222e-01 9.393702909229898523e+01 3.902837402622798777e+02
1.600000000000000311e-01 9.003419168967619157e+01 3.902837402622798777e+02
1.700000000000000122e-01 8.613135428705339791e+01 3.902837402622792524e+02
1.799999999999999933e-01 8.222851688443060425e+01 3.902837402622798777e+02
1.900000000000000022e-01 7.832567948180779638e+01 3.902837402622798777e+02
2.000000000000000111e-01 7.442284207918500272e+01 3.902837402622792524e+02
2.099999999999999645e-01 7.052000467656222327e+01 3.902837402622798777e+02
2.199999999999999734e-01 6.661716727393941540e+01 3.902837402622798777e+02
2.299999999999999822e-01 6.271432987131661463e+01 3.902837402622804461e+02
2.400000000000000466e-01 5.881149246869380676e+01 3.902837402622804461e+02
2.500000000000000000e-01 5.490865506607101310e+01 3.902837402622792524e+02
2.600000000000000089e-01 5.100581766344821233e+01 3.902837402622798777e+02
2.700000000000000178e-01 4.710298026082541156e+01 3.902837402622798777e+02
2.799999999999999711e-01 4.320014285820262501e+01 3.902837402622792524e+02
2.899999999999999800e-01 3.929730545557983135e+01 3.902837402622795935e+02
3.000000000000000444e-01 3.539446805295703058e+01 3.902837402622792524e+02
3.099999999999999978e-01 3.149163065033424402e+01 3.902837402622795935e+02
3.200000000000000622e-01 2.758879324771144326e+01 3.902837402622807303e+02
3.300000000000000711e-01 2.368595584508863183e+01 3.902837402622797072e+02
3.400000000000000244e-01 1.978311844246584883e+01 3.902837402622797072e+02
3.500000000000000333e-01 1.588028103984303741e+01 3.902837402622797072e+02
3.599999999999999867e-01 1.197744363722025440e+01 3.144636368531990342e+02
3.700000000000000511e-01 9.591008302779057360e+00 2.072999535131815776e+02
3.800000000000000044e-01 7.831444566956623277e+00 1.569445642287689964e+02
3.900000000000000688e-01 6.452117018203677112e+00 1.265185751371225109e+02
4.000000000000000222e-01 5.301073064214172348e+00 1.095660160430461616e+02
4.099999999999999756e-01 4.260796697342755124e+00 9.806871969844866044e+01
4.199999999999999289e-01 3.339698670245199175e+00 8.658871859072161214e+01
4.299999999999999933e-01 2.529022325528322845e+00 7.633561471016834332e+01
4.399999999999999467e-01 1.812986376041832770e+00 6.607533228746095233e+01
4.500000000000000111e-01 1.207515679779103790e+00 5.589067152939129812e+01
4.599999999999999645e-01 6.951729454540067632e-01 4.654792602539406232e+01
4.700000000000000289e-01 2.765571592712223192e-01 3.780672529716996877e+01
4.800000000000000933e-01 -6.096156048939263550e-02 2.994014260547444550e+01
4.900000000000000466e-01 -3.222456928382665398e-01 2.282429342975827780e+01
5.000000000000000000e-01 -5.174474290845580970e-01 1.707858810882397194e+01
5.100000000000000089e-01 -6.638174550147459829e-01 1.238364656773640426e+01
5.200000000000000178e-01 -7.651203604392862179e-01 7.993669515661382619e+00
5.300000000000000266e-01 -8.236908453279735420e-01 4.139611124673147735e+00
5.400000000000000355e-01 -8.479125829327491815e-01 8.245721734941262593e-01
5.500000000000000444e-01 -8.401822887978561694e-01 -1.933511730759447378e+00
5.599999999999999423e-01 -8.092423483175602561e-01 -3.901795574408112977e+00
5.699999999999999512e-01 -7.621463773096939232e-01 -5.210404723440797525e+00
5.799999999999999600e-01 -7.050342538487442967e-01 -6.027206323296393720e+00
5.899999999999999689e-01 -6.416022508437659866e-01 -6.654321071691215117e+00
6.000000000000000888e-01 -5.719478324149198656e-01 -6.811498286785390377e+00
6.099999999999999867e-01 -5.053722851080582057e-01 -6.294582815285927779e+00
6.199999999999999956e-01 -4.460561761092014521e-01 -5.650354497560573286e+00
6.300000000000001155e-01 -3.923651951568467577e-01 -4.824579326495826770e+00
6.400000000000001243e-01 -3.495645895792848790e-01 -3.597463265198276083e+00
6.500000000000000222e-01 -3.204159298528812538e-01 -2.671041239927768984e+00
6.600000000000001421e-01 -2.961437647807295126e-01 -2.131397280688126283e+00
6.700000000000000400e-01 -2.777879842391187126e-01 -2.003569615038996776e+00
6.800000000000000488e-01 -2.560723724799495726e-01 -2.327194173908615049e+00
6.899999999999999467e-01 -2.312441007609464250e-01 -2.995084178831072919e+00
7.000000000000000666e-01 -1.961706889033281442e-01 -3.795806864119507296e+00
7.099999999999999645e-01 -1.553279634785562913e-01 -4.114112558582877277e+00
7.199999999999999734e-01 -1.138884377316705943e-01 -3.945130185676437584e+00
7.299999999999999822e-01 -7.642535976502755346e-02 -3.184962543507123378e+00
7.400000000000001021e-01 -5.018918686152813030e-02 -1.941963044488543844e+00
7.500000000000000000e-01 -3.758609887525667798e-02 -8.888152673710544294e-01
7.600000000000000089e-01 -3.241288151410703922e-02 1.823664660610134968e-03
7.700000000000000178e-01 -3.762257216846888463e-02 5.811517750863509635e-01
7.800000000000001377e-01 -4.403591701583405710e-02 6.038710544493146593e-01
7.900000000000000355e-01 -4.969999325745517310e-02 2.470534320177832643e-01
8.000000000000000444e-01 -4.897698565618972127e-02 -2.564186156585295806e-01
8.100000000000001643e-01 -4.457162094428458732e-02 -4.585436549707432863e-01
8.199999999999999512e-01 -3.980611255677485999e-02 -4.844180260385323455e-01
8.300000000000000711e-01 -3.488326042351393846e-02 -2.921703920149892886e-01
8.399999999999998579e-01 -3.396270471647507005e-02 7.463808167113777925e-02
8.500000000000000888e-01 -3.637602205693669238e-02 4.439992581031781405e-01
8.599999999999999867e-01 -4.284268987853864091e-02 7.236834105942903106e-01
8.699999999999999956e-01 -5.084969026882250193e-02 6.120733370778757010e-01
8.799999999999998934e-01 -5.508415662009614328e-02 3.030778639855488121e-01
8.900000000000001243e-01 -5.691124754853347373e-02 3.737495115369597609e-02
9.000000000000000222e-01 -5.583165564317006668e-02 -1.641227223796497270e-01
9.100000000000000311e-01 -5.362879310094047919e-02 -3.670342281471918322e-01
9.199999999999999289e-01 -4.849097108022623615e-02 -7.160777233884900728e-01
9.300000000000001599e-01 -3.930723863317067690e-02 -9.922246526110505283e-01
9.400000000000000577e-01 -2.864647802800522267e-02 -1.133955075042272886e+00
9.500000000000000666e-01 -1.662813713232521792e-02 -1.190113362413500964e+00
9.600000000000001865e-01 -4.844210779735205058e-03 -1.210259799122181734e+00
9.699999999999999734e-01 7.577058850118409926e-03 -1.241761616323683093e+00
9.800000000000000933e-01 1.999102154673845083e-02 -1.164398923314476919e+00
9.899999999999998801e-01 3.086503731640794987e-02 -1.006724069273749800e+00
1.000000000000000000e+00 4.012550293221343878e-02 -8.224475896224741067e-01
1.010000000000000009e+00 4.731398910885743075e-02 -6.083147401806233701e-01
1.020000000000000018e+00 5.229179773582590812e-02 -3.877888034652725024e-01
1.030000000000000027e+00 5.506976517816287303e-02 -1.781115537914737534e-01
1.040000000000000036e+00 5.585402881165538180e-02 -8.762738785811149608e-03
1.050000000000000044e+00 5.524501995387910008e-02 1.311206004867079278e-01
1.060000000000000053e+00 5.323161680192122630e-02 2.429132540275723284e-01
1.070000000000000062e+00 5.038675487332765213e-02 3.183456746952531002e-01
1.080000000000000071e+00 4.686470330801616874e-02 3.802847376531107715e-01
1.090000000000000080e+00 4.278106012026543920e-02 4.231176490350375685e-01
1.100000000000000089e+00 3.840235032731541265e-02 4.641875846963823271e-01
1.110000000000000098e+00 3.349730842633779487e-02 4.968690760373256077e-01
1.119999999999999885e+00 2.846496880656890216e-02 4.914872760571141197e-01
1.130000000000000115e+00 2.366756290519550845e-02 4.560338936572069235e-01
1.139999999999999902e+00 1.934429093342476813e-02 4.110302057862458280e-01
1.150000000000000133e+00 1.544695878947059502e-02 3.691673027294217757e-01
1.159999999999999920e+00 1.196094487883633123e-02 5.654203171004292816e-01
1.169999999999999929e+00 4.138552447462010356e-03 5.703078050322429871e-01
1.179999999999999938e+00 5.547887781914696663e-04 2.045949235362242991e-01
1.190000000000000169e+00 4.665397673752402015e-05 2.773943890957348418e-02
1.200000000000000178e+00 0.000000000000000000e+00 4.665397673752402774e-03
