0.000000000000000000e+00 1.463937806342677845e+02 3.413996318868602202e+02
1.000000000000000194e-02 1.429797843153992005e+02 3.413996318868578328e+02
2.000000000000000389e-02 1.395657879965306165e+02 3.413996318868578328e+02
3.000000000000000583e-02 1.361517916776620325e+02 3.413996318868578328e+02
4.000000000000000777e-02 1.327377953587934769e+02 3.413996318868578328e+02
5.000000000000000278e-02 1.293237990399248645e+02 3.413996318868578328e+02
6.000000000000001166e-02 1.259098027210563231e+02 3.413996318868578328e+02
6.999999999999999278e-02 1.224958064021877107e+02 3.413996318868578328e+02
8.000000000000001554e-02 1.190818100833191551e+02 3.413996318868566391e+02
8.999999999999999667e-02 1.156678137644505711e+02 3.413996318868578328e+02
1.000000000000000056e-01 1.122538174455820013e+02 3.413996318868578328e+02
1.099999999999999867e-01 1.088398211267134315e+02 3.413996318868578328e+02
1.200000000000000233e-01 1.054258248078448474e+02 3.413996318868572075e+02
1.300000000000000044e-01 1.020118284889762776e+02 3.413996318868572075e+02
1.399999999999999856e-01 9.859783217010769363e+01 3.413996318868578328e+02
1.500000000000000222e-01 9.518383585123912383e+01 3.413996318868578328e+02
1.600000000000000311e-01 9.176983953237055402e+01 3.413996318868578328e+02
1.700000000000000122e-01 8.835584321350197001e+01 3.413996318868578328e+02
1.799999999999999933e-01 8.494184689463338600e+01 3.413996318868572075e+02
1.900000000000000022e-01 8.152785057576483041e+01 3.413996318868572075e+02
2.000000000000000111e-01 7.811385425689624640e+01 3.413996318868578328e+02
2.099999999999999645e-01 7.469985793802766239e+01 3.413996318868578328e+02
2.199999999999999734e-01 7.128586161915907837e+01 3.413996318868578328e+02
2.299999999999999822e-01 6.787186530029050857e+01 3.413996318868578328e+02
2.400000000000000466e-01 6.445786898142193877e+01 3.413996318868578328e+02
2.500000000000000000e-01 6.104387266255335476e+01 3.413996318868578328e+02
2.600000000000000089e-01 5.762987634368477075e+01 3.413996318868578328e+02
2.700000000000000178e-01 5.421588002481620094e+01 3.413996318868578328e+02
2.799999999999999711e-01 5.080188370594761693e+01 3.413996318868575486e+02
2.899999999999999800e-01 4.738788738707904713e+01 3.413996318868575486e+02
3.000000000000000444e-01 4.397389106821047022e+01 3.413996318868572075e+02
3.099999999999999978e-01 4.055989474934190753e+01 3.413996318868575486e+02
3.200000000000000622e-01 3.714589843047331641e+01 3.413996318868587423e+02
3.300000000000000711e-01 3.373190211160472529e+01 3.413996318868578328e+02
3.400000000000000244e-01 3.031790579273616260e+01 3.413996318868578328e+02
3.500000000000000333e-01 2.690390947386757503e+01 3.413996318868575486e+02
3.599999999999999867e-01 2.348991315499901233e+01 3.413996318868575486e+02
3.700000000000000511e-01 2.007591683613042477e+01 3.413996318868576623e+02
3.800000000000000044e-01 1.666192051726185852e+01 3.413996318868575486e+02
3.900000000000000688e-01 1.324792419839327273e+01 3.413996318868576054e+02
4.000000000000000222e-01 9.833927879524706483e+00 2.844000185723318168e+02
4.099999999999999756e-01 7.559923826946636005e+00 2.026848002143495933e+02
4.199999999999999289e-01 5.780231875237715755e+00 1.610220331522920105e+02
4.299999999999999933e-01 4.339483163900795581e+00 1.313256307600377397e+02
4.399999999999999467e-01 3.153719260036961458e+00 1.078474410338733520e+02
4.500000000000000111e-01 2.182534343223329287e+00 8.863729844554893589e+01
4.599999999999999645e-01 1.380973291125982882e+00 7.308444681231031836e+01
4.700000000000000289e-01 7.208454069771229600e-01 6.021196876212005833e+01
4.800000000000000933e-01 1.767339158835817547e-01 4.932441602456966478e+01
4.900000000000000466e-01 -2.656429135142701070e-01 4.003393087555361518e+01
5.000000000000000000e-01 -6.239447016274903834e-01 3.232097490707054988e+01
5.100000000000000089e-01 -9.120624116556811378e-01 2.568605143560141002e+01
5.200000000000000178e-01 -1.137665730339518344e+00 1.975350535761891990e+01
5.300000000000000266e-01 -1.307132518808059807e+00 1.459261668857385175e+01
5.400000000000000355e-01 -1.429518064110995468e+00 1.048823306332268324e+01
5.500000000000000444e-01 -1.516897180074513241e+00 7.455800076517640207e+00
5.599999999999999423e-01 -1.578634065641348228e+00 5.196547905428679393e+00
5.699999999999999512e-01 -1.620828138183086908e+00 3.354095540127272734e+00
5.799999999999999600e-01 -1.645715976443893780e+00 1.686658360959645053e+00
5.899999999999999689e-01 -1.654561305402279636e+00 7.565979747239889863e-02
6.000000000000000888e-01 -1.647229172393341878e+00 -1.420822381493871189e+00
6.099999999999999867e-01 -1.626144857772402252e+00 -2.748568395704202860e+00
6.199999999999999956e-01 -1.592257804479257466e+00 -3.925628443428733405e+00
6.300000000000001155e-01 -1.547632288903827646e+00 -4.897401173842578892e+00
6.400000000000001243e-01 -1.494309781002405968e+00 -5.615612842609078115e+00
6.500000000000000222e-01 -1.435320032051646155e+00 -6.094939027250996233e+00
6.600000000000001421e-01 -1.372411000457386177e+00 -6.347531570661873346e+00
6.700000000000000400e-01 -1.308369400638408564e+00 -6.339570833144058781e+00
6.800000000000000488e-01 -1.245619583794504992e+00 -6.136402266139180384e+00
6.899999999999999467e-01 -1.185641355315624867e+00 -5.868984215601718013e+00
7.000000000000000666e-01 -1.128239899482470499e+00 -5.658162413876949515e+00
7.099999999999999645e-01 -1.072478107038085993e+00 -5.575708074747201870e+00
7.199999999999999734e-01 -1.016725737987526745e+00 -5.641481740555513547e+00
7.299999999999999822e-01 -9.596484722269758016e-01 -5.744234474183227412e+00
7.400000000000001021e-01 -9.018410485038621527e-01 -5.721420008273935487e+00
7.500000000000000000e-01 -8.452200720614970741e-01 -5.555793525950058154e+00
7.600000000000000089e-01 -7.907251779848609718e-01 -5.314087405036329592e+00
7.700000000000000178e-01 -7.389383239607705267e-01 -4.999930744851238451e+00
7.800000000000001377e-01 -6.907265630878361984e-01 -4.607328747290452498e+00
7.900000000000000355e-01 -6.467917490149615034e-01 -4.188052640094922729e+00
8.000000000000000444e-01 -6.069655102859377038e-01 -3.805838116013061434e+00
8.100000000000001643e-01 -5.706749866947002925e-01 -3.480526903354217438e+00
8.199999999999999512e-01 -5.373549722188533107e-01 -3.221033123510993246e+00
8.300000000000000711e-01 -5.062543242244804675e-01 -3.011039570125728204e+00
8.399999999999998579e-01 -4.771341808163388487e-01 -2.831904084977882263e+00
8.500000000000000888e-01 -4.496162425249227712e-01 -2.689251763179428600e+00
8.599999999999999867e-01 -4.233491455527502723e-01 -2.554424215091409600e+00
8.699999999999999956e-01 -3.985277582230946081e-01 -2.388295627896013240e+00
8.799999999999998934e-01 -3.755832329948300408e-01 -2.194876166672527606e+00
8.900000000000001243e-01 -3.546302348896440693e-01 -2.032455007923685386e+00
9.000000000000000222e-01 -3.349341328363563131e-01 -1.943595005538442999e+00
9.100000000000000311e-01 -3.157583347788752159e-01 -1.888500927169707078e+00
9.199999999999999289e-01 -2.971641142929621338e-01 -1.818602148584771871e+00
9.300000000000001599e-01 -2.793862918071797763e-01 -1.728292428229890376e+00
9.400000000000000577e-01 -2.625982657283643662e-01 -1.627069908889987371e+00
9.500000000000000666e-01 -2.468448936293800300e-01 -1.526323100013004419e+00
9.600000000000001865e-01 -2.320718037281042923e-01 -1.431863256643435278e+00
9.699999999999999734e-01 -2.182076284965113189e-01 -1.362375615765696102e+00
9.800000000000000933e-01 -2.048242914127903769e-01 -1.331351524215905524e+00
9.899999999999998801e-01 -1.915805980121932095e-01 -1.331923637908354108e+00
1.000000000000000000e+00 -1.781858186546232681e-01 -1.340757280943026597e+00
1.010000000000000009e+00 -1.647654523933327064e-01 -1.337013360308201948e+00
1.020000000000000018e+00 -1.514455514484592535e-01 -1.319717795604734567e+00
1.030000000000000027e+00 -1.383710964812379929e-01 -1.288164713754499147e+00
1.040000000000000036e+00 -1.256822571733692828e-01 -1.240640316992290604e+00
1.050000000000000044e+00 -1.135582901413921819e-01 -1.184185648410488900e+00
1.060000000000000053e+00 -1.019985442051594970e-01 -1.121875081062957191e+00
1.070000000000000062e+00 -9.112078852013304198e-02 -1.054603532468110894e+00
1.080000000000000071e+00 -8.090647355579727584e-02 -9.873645178246602816e-01
1.090000000000000080e+00 -7.137349816363984523e-02 -9.244753373406565666e-01
1.100000000000000089e+00 -6.241696680898415478e-02 -8.700063488952907154e-01
1.110000000000000098e+00 -5.397337118573402454e-02 -8.230855338242297758e-01
1.119999999999999885e+00 -4.595525613249955982e-02 -7.806036507359985777e-01
1.130000000000000115e+00 -3.836129817101405215e-02 -7.355210437027459580e-01
1.139999999999999902e+00 -3.124483525844463927e-02 -6.841543207050077013e-01
1.150000000000000133e+00 -2.467821175691390159e-02 -6.302274067336568475e-01
1.159999999999999920e+00 -1.864028712377150884e-02 -9.527889643063421898e-01
1.169999999999999929e+00 -5.622432470787054430e-03 -9.001689587047231322e-01
1.179999999999999938e+00 -6.369079496770450443e-04 -2.786973744808785569e-01
1.190000000000000169e+00 -4.848498116948321085e-05 -3.184539748385224744e-02
1.200000000000000178e+00 0.000000000000000000e+00 -4.848498116948322251e-03
