0.000000000000000000e+00 9.436946793476533912e+01 2.380673859507980410e+02
1.000000000000000194e-02 9.198879407525735985e+01 2.380673859507974726e+02
2.000000000000000389e-02 8.960812021574938058e+01 2.380673859507980410e+02
3.000000000000000583e-02 8.722744635624140130e+01 2.380673859507980410e+02
4.000000000000000777e-02 8.484677249673342203e+01 2.380673859507974726e+02
5.000000000000000278e-02 8.246609863722544276e+01 2.380673859507974726e+02
6.000000000000001166e-02 8.008542477771747770e+01 2.380673859507974726e+02
6.999999999999999278e-02 7.770475091820949842e+01 2.380673859507974726e+02
8.000000000000001554e-02 7.532407705870153336e+01 2.380673859507980410e+02
8.999999999999999667e-02 7.294340319919352567e+01 2.380673859507980410e+02
1.000000000000000056e-01 7.056272933968556060e+01 2.380673859507974726e+02
1.099999999999999867e-01 6.818205548017758133e+01 2.380673859507980410e+02
1.200000000000000233e-01 6.580138162066960206e+01 2.380673859507980410e+02
1.300000000000000044e-01 6.342070776116162989e+01 2.380673859507974726e+02
1.399999999999999856e-01 6.104003390165365062e+01 2.380673859507974726e+02
1.500000000000000222e-01 5.865936004214567134e+01 2.380673859507980410e+02
1.600000000000000311e-01 5.627868618263769207e+01 2.380673859507974726e+02
1.700000000000000122e-01 5.389801232312972701e+01 2.380673859507974726e+02
1.799999999999999933e-01 5.151733846362174774e+01 2.380673859507980410e+02
1.900000000000000022e-01 4.913666460411376846e+01 2.380673859507980410e+02
2.000000000000000111e-01 4.675599074460578919e+01 2.380673859507974726e+02
2.099999999999999645e-01 4.437531688509781702e+01 2.380673859507974726e+02
2.199999999999999734e-01 4.199464302558983775e+01 2.380673859507980410e+02
2.299999999999999822e-01 3.961396916608185137e+01 2.380673859507980410e+02
2.400000000000000466e-01 3.723329530657387210e+01 2.380673859507980410e+02
2.500000000000000000e-01 3.485262144706589282e+01 2.380673859507977568e+02
2.600000000000000089e-01 3.247194758755792066e+01 2.380673859507974726e+02
2.700000000000000178e-01 3.009127372804994849e+01 2.380673859507977568e+02
2.799999999999999711e-01 2.771059986854196922e+01 2.380673859507978989e+02
2.899999999999999800e-01 2.532992600903398994e+01 2.380673859507977568e+02
3.000000000000000444e-01 2.294925214952601067e+01 2.380673859507972736e+02
3.099999999999999978e-01 2.056857829001804205e+01 2.380673859507977568e+02
3.200000000000000622e-01 1.818790443051005923e+01 2.380673859507984673e+02
3.300000000000000711e-01 1.580723057100207640e+01 2.380673859507976147e+02
3.400000000000000244e-01 1.342655671149410601e+01 2.380673859507977568e+02
3.500000000000000333e-01 1.104588285198612141e+01 2.380673859507977568e+02
3.599999999999999867e-01 8.665208992478151018e+00 2.380673859507976999e+02
3.700000000000000511e-01 6.284535132970167304e+00 1.978578819822422190e+02
3.800000000000000044e-01 4.708051352833307668e+00 1.396400687643393894e+02
3.900000000000000688e-01 3.491733757683379569e+00 1.094172554977481440e+02
4.000000000000000222e-01 2.519706242878345659e+00 8.783654169991598337e+01
4.099999999999999756e-01 1.735002923685059928e+00 7.099615476694401650e+01
4.199999999999999289e-01 1.099783147539465267e+00 5.735878961014876154e+01
4.299999999999999933e-01 5.878271314820846527e-01 4.607244677026766766e+01
4.399999999999999467e-01 1.783342121341119357e-01 3.664238250252945051e+01
4.500000000000000111e-01 -1.450205185685042308e-01 2.875744237011608462e+01
4.599999999999999645e-01 -3.968146352682097033e-01 2.217920699978033383e+01
4.700000000000000289e-01 -5.886046585641109274e-01 1.667179955991265317e+01
4.800000000000000933e-01 -7.302506264664627711e-01 1.204329217825893927e+01
4.900000000000000466e-01 -8.294705021292895220e-01 8.156301786703640033e+00
5.000000000000000000e-01 -8.933766622005355762e-01 4.904316158678582838e+00
5.100000000000000089e-01 -9.275568253028612098e-01 2.196513007825227071e+00
5.200000000000000178e-01 -9.373069223570401620e-01 -2.552655438819427178e-02
5.300000000000000266e-01 -9.270462942150973218e-01 -1.800663317195761337e+00
5.400000000000000355e-01 -9.012936560131249442e-01 -3.162515516171011232e+00
5.500000000000000444e-01 -8.637959838916771105e-01 -4.134383922461013050e+00
5.599999999999999423e-01 -8.186059775639046299e-01 -4.724441239033291495e+00
5.699999999999999512e-01 -7.693071591110113294e-01 -4.951917500559360974e+00
5.799999999999999600e-01 -7.195676275527174148e-01 -4.851932482349782916e+00
5.899999999999999689e-01 -6.722685094640157288e-01 -4.497024762527131792e+00
6.000000000000000888e-01 -6.296271323021748190e-01 -3.995331586423629400e+00
6.099999999999999867e-01 -5.923618777355430520e-01 -3.465826588211488701e+00
6.199999999999999956e-01 -5.603106005379450139e-01 -2.993188005642054339e+00
6.300000000000001155e-01 -5.324981176227020496e-01 -2.620038607592673596e+00
6.400000000000001243e-01 -5.079098283860915553e-01 -2.356292047305179604e+00
6.500000000000000222e-01 -4.853722766765983798e-01 -2.192802986265785403e+00
6.600000000000001421e-01 -4.640537686607758561e-01 -2.104252327364422470e+00
6.700000000000000400e-01 -4.432872301293099282e-01 -2.073406875184565124e+00
6.800000000000000488e-01 -4.225856311570845847e-01 -2.084562044358987176e+00
6.899999999999999467e-01 -4.015959892421302468e-01 -2.123252380937398431e+00
7.000000000000000666e-01 -3.801205835383366094e-01 -2.172497555800711577e+00
7.099999999999999645e-01 -3.581460381261160064e-01 -2.201892370407516619e+00
7.199999999999999734e-01 -3.360827361301862992e-01 -2.174185920053110621e+00
7.299999999999999822e-01 -3.146623197250538184e-01 -2.067589674514375808e+00
7.400000000000001021e-01 -2.947309426398987409e-01 -1.880716326188241805e+00
7.500000000000000000e-01 -2.770479932012889779e-01 -1.640885385829218279e+00
7.600000000000000089e-01 -2.619132349233144197e-01 -1.402691059435928977e+00
7.700000000000000178e-01 -2.489941720125703750e-01 -1.221134783048239747e+00
7.800000000000001377e-01 -2.374905392623496148e-01 -1.111443725471005672e+00
7.900000000000000355e-01 -2.267652975031503038e-01 -1.051570766959381897e+00
8.000000000000000444e-01 -2.164591239231619668e-01 -1.011641331445191971e+00
8.100000000000001643e-01 -2.065324708742464488e-01 -9.709888156985526653e-01
8.199999999999999512e-01 -1.970393476091908957e-01 -9.251426130545225002e-01
8.300000000000000711e-01 -1.880296186131560077e-01 -8.839269125974679175e-01
8.399999999999998579e-01 -1.793608093572415518e-01 -8.598862832428421088e-01
8.500000000000000888e-01 -1.708318929482991466e-01 -8.626637812409321260e-01
8.599999999999999867e-01 -1.621075337324228982e-01 -8.928497890449675900e-01
8.699999999999999956e-01 -1.529748971673998148e-01 -9.363153740194374297e-01
8.799999999999998934e-01 -1.433812262520341441e-01 -9.717501148252798426e-01
8.900000000000001243e-01 -1.335398948708942102e-01 -9.812325275317931306e-01
9.000000000000000222e-01 -1.237565757013982803e-01 -9.600748318159418870e-01
9.100000000000000311e-01 -1.143383982345753808e-01 -9.151523824621606851e-01
9.199999999999999289e-01 -1.054535280521550766e-01 -8.558536009117873045e-01
9.300000000000001599e-01 -9.722132621633963745e-02 -7.902519170711990171e-01
9.400000000000000577e-01 -8.964848971073111072e-02 -7.304815043049266432e-01
9.500000000000000666e-01 -8.261169613024109404e-02 -6.833456900012628843e-01
9.600000000000001865e-01 -7.598157591070585359e-02 -6.469827799711068694e-01
9.699999999999999734e-01 -6.967204053081894888e-02 -6.185318543698075100e-01
9.800000000000000933e-01 -6.361093882330970395e-02 -5.977965996660504766e-01
9.899999999999998801e-01 -5.771610853749795100e-02 -5.817662278787008034e-01
1.000000000000000000e+00 -5.197561426573568677e-02 -5.627508238273841723e-01
1.010000000000000009e+00 -4.646109206095026811e-02 -5.311624761919169213e-01
1.020000000000000018e+00 -4.135236474189734474e-02 -4.810610799092638890e-01
1.030000000000000027e+00 -3.683987046276499672e-02 -4.178201842315438785e-01
1.040000000000000036e+00 -3.299596105726646661e-02 -3.549505254578754765e-01
1.050000000000000044e+00 -2.974085995360748608e-02 -3.051903591112026248e-01
1.060000000000000053e+00 -2.689215387504241550e-02 -2.734092414467692023e-01
1.070000000000000062e+00 -2.427267512467209953e-02 -2.555735010130353313e-01
1.080000000000000071e+00 -2.178068385478171276e-02 -2.444601685760333376e-01
1.090000000000000080e+00 -1.938347175315143292e-02 -2.340782980077419362e-01
1.100000000000000089e+00 -1.709911789462687653e-02 -2.211469631399708702e-01
1.110000000000000098e+00 -1.496053249035201801e-02 -2.073428785188357326e-01
1.119999999999999885e+00 -1.295226032425015987e-02 -1.955406086721153958e-01
1.130000000000000115e+00 -1.104972031690971100e-02 -1.850675970275428017e-01
1.139999999999999902e+00 -9.250908383699303628e-03 -1.743987121855200273e-01
1.150000000000000133e+00 -7.561746073199309727e-03 -1.638402595662725725e-01
1.159999999999999920e+00 -5.974103192373852664e-03 -2.968857414258462835e-01
1.169999999999999929e+00 -1.624031244682385203e-03 -2.885868732872126641e-01
1.179999999999999938e+00 -2.023657266295994040e-04 -8.026920036921716961e-02
1.190000000000000169e+00 -1.864723729804194713e-05 -1.011828633147997085e-02
1.200000000000000178e+00 0.000000000000000000e+00 -1.864723729804195146e-03
