0.000000000000000000e+00 1.819672956738473886e+02 5.264030301496314905e+02
1.000000000000000194e-02 1.767032653723510691e+02 5.264030301496314905e+02
2.000000000000000389e-02 1.714392350708547781e+02 5.264030301496314905e+02
3.000000000000000583e-02 1.661752047693584586e+02 5.264030301496303537e+02
4.000000000000000777e-02 1.609111744678621676e+02 5.264030301496303537e+02
5.000000000000000278e-02 1.556471441663658197e+02 5.264030301496314905e+02
6.000000000000001166e-02 1.503831138648695003e+02 5.264030301496327411e+02
6.999999999999999278e-02 1.451190835633731808e+02 5.264030301496314905e+02
8.000000000000001554e-02 1.398550532618768898e+02 5.264030301496314905e+02
8.999999999999999667e-02 1.345910229603805703e+02 5.264030301496314905e+02
1.000000000000000056e-01 1.293269926588842509e+02 5.264030301496314905e+02
1.099999999999999867e-01 1.240629623573879172e+02 5.264030301496314905e+02
1.200000000000000233e-01 1.187989320558916404e+02 5.264030301496303537e+02
1.300000000000000044e-01 1.135349017543953209e+02 5.264030301496314905e+02
1.399999999999999856e-01 1.082708714528990015e+02 5.264030301496314905e+02
1.500000000000000222e-01 1.030068411514026963e+02 5.264030301496310358e+02
1.600000000000000311e-01 9.774281084990639101e+01 5.264030301496310358e+02
1.700000000000000122e-01 9.247878054841007156e+01 5.264030301496314905e+02
1.799999999999999933e-01 8.721475024691376632e+01 5.264030301496314905e+02
1.900000000000000022e-01 8.195071994541744687e+01 5.264030301496314905e+02
2.000000000000000111e-01 7.668668964392111320e+01 5.264030301496314905e+02
2.099999999999999645e-01 7.142265934242480796e+01 5.264030301496310358e+02
2.199999999999999734e-01 6.615862904092850272e+01 5.264030301496310358e+02
2.299999999999999822e-01 6.089459873943219037e+01 5.264030301496321727e+02
2.400000000000000466e-01 5.563056843793586381e+01 5.264030301496321727e+02
2.500000000000000000e-01 5.036653813643955147e+01 5.264030301496314905e+02
2.600000000000000089e-01 4.510250783494323912e+01 5.264030301496314905e+02
2.700000000000000178e-01 3.983847753344691967e+01 5.264030301496312632e+02
2.799999999999999711e-01 3.457444723195060732e+01 5.264030301496310358e+02
2.899999999999999800e-01 2.931041693045429852e+01 5.264030301496312632e+02
3.000000000000000444e-01 2.404638662895798618e+01 3.224374769760266304e+02
3.099999999999999978e-01 2.286166739093377132e+01 3.666529722851222459e+02
3.200000000000000622e-01 1.671332718325554012e+01 5.058094176468008527e+02
3.300000000000000711e-01 1.274547903799775384e+01 3.435422138711984417e+02
3.400000000000000244e-01 9.842482905831571927e+00 2.571990258181838271e+02
3.500000000000000333e-01 7.601498521634077576e+00 2.016106877527122947e+02
3.599999999999999867e-01 5.810269150777327418e+00 1.629971175769761942e+02
3.700000000000000511e-01 4.341556170094553302e+00 1.354240668100783012e+02
3.800000000000000044e-01 3.101787814575761359e+00 1.142061983025120071e+02
3.900000000000000688e-01 2.057432204044313817e+00 9.576896247057672440e+01
4.000000000000000222e-01 1.186408565164226880e+00 7.847829324891486635e+01
4.099999999999999756e-01 4.878663390660170074e-01 6.197644023244149736e+01
4.199999999999999289e-01 -5.312023948460299627e-02 4.656915289159485383e+01
4.299999999999999933e-01 -4.435167187658800581e-01 3.228478846860559770e+01
4.399999999999999467e-01 -6.988160088567149097e-01 1.941997645966738162e+01
4.500000000000000111e-01 -8.319162479592276949e-01 8.665092541889325872e+00
4.599999999999999645e-01 -8.721178596945013961e-01 8.962769326311624818e-01
4.700000000000000289e-01 -8.498417866118508357e-01 -3.722812705858579818e+00
4.800000000000000933e-01 -7.976616055773297909e-01 -5.770079202823949593e+00
4.900000000000000466e-01 -7.344402025553719016e-01 -6.393323795987781111e+00
5.000000000000000000e-01 -6.697951296575741509e-01 -6.627684505571474816e+00
5.100000000000000089e-01 -6.018865124439424230e-01 -6.870122050849304607e+00
5.200000000000000178e-01 -5.323926886405880854e-01 -6.966095139182059803e+00
5.300000000000000266e-01 -4.625646096603012736e-01 -6.790000952047871685e+00
5.400000000000000355e-01 -3.965926695996306872e-01 -6.389470311862497809e+00
5.500000000000000444e-01 -3.347752034230512819e-01 -5.892211802215360450e+00
5.599999999999999423e-01 -2.787484335553234716e-01 -5.276347498904788047e+00
5.699999999999999512e-01 -2.292482534449555576e-01 -4.547634495376148500e+00
5.799999999999999600e-01 -1.877957436478004949e-01 -3.614562384204117240e+00
5.899999999999999689e-01 -1.569570057608732361e-01 -2.338063980422042665e+00
6.000000000000000888e-01 -1.410344640393596527e-01 -1.191168993827424138e+00
6.099999999999999867e-01 -1.331336258843247300e-01 -9.661123248780397743e-01
6.199999999999999956e-01 -1.217122175417988533e-01 -1.598675674825413617e+00
6.300000000000001155e-01 -1.011601123878164837e-01 -2.018196387239207024e+00
6.400000000000001243e-01 -8.134828979701472229e-02 -1.284287591070933265e+00
6.500000000000000222e-01 -7.547436056639782176e-02 3.991660386174247788e-01
6.600000000000001421e-01 -8.933161056936321509e-02 2.205062169430793695e+00
6.700000000000000400e-01 -1.195756039550136957e-01 3.284223502887630541e+00
6.800000000000000488e-01 -1.550160806271158043e-01 3.228075031689256136e+00
6.899999999999999467e-01 -1.841371045887987834e-01 2.514111159329917911e+00
7.000000000000000666e-01 -2.052983038137141669e-01 2.177133957401548692e+00
7.099999999999999645e-01 -2.276797837368297883e-01 2.553235616627334004e+00
7.199999999999999734e-01 -2.563630161462608359e-01 3.266777430017944628e+00
7.299999999999999822e-01 -2.930153323371886831e-01 3.701414314588544752e+00
7.400000000000001021e-01 -3.303913024380317753e-01 3.296214355301377186e+00
7.500000000000000000e-01 -3.589396194432162290e-01 2.083434624322719309e+00
7.600000000000000089e-01 -3.720599949244861038e-01 7.502415478759729695e-01
7.700000000000000178e-01 -3.739444504007356507e-01 -7.680968418552130972e-02
7.800000000000001377e-01 -3.705238012407757187e-01 -3.551320983071726833e-01
7.900000000000000355e-01 -3.668418084345921870e-01 -4.668526949040286977e-01
8.000000000000000444e-01 -3.611867473426951247e-01 -8.042292425463054562e-01
8.100000000000001643e-01 -3.507572235836661223e-01 -1.503932570968552485e+00
8.199999999999999512e-01 -3.311080959233240750e-01 -2.427068379829597333e+00
8.300000000000000711e-01 -3.022158559870741779e-01 -3.168923574486441463e+00
8.399999999999998579e-01 -2.677296244335952702e-01 -3.386324624619886148e+00
8.500000000000000888e-01 -2.344893634946764449e-01 -3.145741859722337441e+00
8.599999999999999867e-01 -2.048147872391485047e-01 -2.887995628418451144e+00
8.699999999999999956e-01 -1.767294509263074576e-01 -2.904497565944726745e+00
8.799999999999998934e-01 -1.467248359202539820e-01 -3.172486551211981087e+00
8.900000000000001243e-01 -1.132797199020678103e-01 -3.406886884140501781e+00
9.000000000000000222e-01 -7.858709823744394751e-02 -3.221437678912532743e+00
9.100000000000000311e-01 -4.885096632381717707e-02 -2.642233495626316930e+00
9.199999999999999289e-01 -2.574242832491761140e-02 -2.083454091413847298e+00
9.300000000000001599e-01 -7.181884495540227266e-03 -1.714977007914324281e+00
9.400000000000000577e-01 8.557111833368873099e-03 -1.483178777325137920e+00
9.500000000000000666e-01 2.248169105096252743e-02 -1.300107972898721043e+00
9.600000000000001865e-01 3.455927129134328535e-02 -1.057521155842856109e+00
9.699999999999999734e-01 4.363211416781964669e-02 -6.961052663861604373e-01
9.800000000000000933e-01 4.848137661906649909e-02 -2.740688184365712710e-01
9.899999999999998801e-01 4.911349053655107710e-02 6.022194245963653769e-02
1.000000000000000000e+00 4.727693776987377389e-02 1.968095165640717237e-01
1.010000000000000009e+00 4.517730020526964513e-02 1.880773118109785036e-01
1.020000000000000018e+00 4.351539153365419771e-02 1.821556226611518170e-01
1.030000000000000027e+00 4.153418775204660573e-02 2.688042561576253209e-01
1.040000000000000036e+00 3.813930641050169296e-02 4.155108639772107648e-01
1.050000000000000044e+00 3.322397047250239682e-02 5.306002650737506876e-01
1.060000000000000053e+00 2.752730110902668059e-02 5.566501563285016774e-01
1.070000000000000062e+00 2.209096734593235523e-02 5.317350590773494146e-01
1.080000000000000071e+00 1.689259992747969494e-02 5.056646733947692818e-01
1.090000000000000080e+00 1.197767387803697244e-02 4.478718128582595548e-01
1.100000000000000089e+00 7.935163670314502107e-03 3.469303727249974933e-01
1.110000000000000098e+00 5.039066423537024060e-03 2.453869500765935574e-01
1.119999999999999885e+00 3.027424668782630751e-03 1.698079104074985413e-01
1.130000000000000115e+00 1.642908215387053244e-03 1.224595574769915540e-01
1.139999999999999902e+00 5.782335192427993020e-04 8.635753951957654551e-02
1.150000000000000133e+00 -8.424257500447750126e-05 4.746747856699368162e-02
1.159999999999999920e+00 -3.711160520970743239e-04 1.527727092314475343e-01
1.169999999999999929e+00 -3.139696759633428189e-03 1.150775380255194408e-02
1.179999999999999938e+00 -6.012711281481131166e-04 -1.542334840394000428e-01
1.190000000000000169e+00 -5.502707884542775227e-05 -3.006355640740565952e-02
1.200000000000000178e+00 0.000000000000000000e+00 -5.502707884542777476e-03
