0.000000000000000000e+00 4.929725318369254694e+01 1.334752654986791924e+02
1.000000000000000194e-02 4.796250052870574621e+01 1.334752654986789082e+02
2.000000000000000389e-02 4.662774787371896679e+01 1.334752654986791924e+02
3.000000000000000583e-02 4.529299521873217316e+01 1.334752654986791924e+02
4.000000000000000777e-02 4.395824256374537953e+01 1.334752654986789082e+02
5.000000000000000278e-02 4.262348990875859300e+01 1.334752654986791924e+02
6.000000000000001166e-02 4.128873725377179937e+01 1.334752654986791924e+02
6.999999999999999278e-02 3.995398459878500574e+01 1.334752654986789082e+02
8.000000000000001554e-02 3.861923194379821922e+01 1.334752654986789082e+02
8.999999999999999667e-02 3.728447928881143270e+01 1.334752654986791924e+02
1.000000000000000056e-01 3.594972663382463196e+01 1.334752654986791924e+02
1.099999999999999867e-01 3.461497397883784544e+01 1.334752654986791924e+02
1.200000000000000233e-01 3.328022132385105181e+01 1.334752654986789082e+02
1.300000000000000044e-01 3.194546866886426528e+01 1.334752654986789082e+02
1.399999999999999856e-01 3.061071601387747521e+01 1.334752654986791924e+02
1.500000000000000222e-01 2.927596335889068158e+01 1.334752654986791924e+02
1.600000000000000311e-01 2.794121070390388795e+01 1.334752654986791924e+02
1.700000000000000122e-01 2.660645804891709787e+01 1.334752654986790503e+02
1.799999999999999933e-01 2.527170539393030779e+01 1.334752654986790503e+02
1.900000000000000022e-01 2.393695273894351772e+01 1.334752654986791924e+02
2.000000000000000111e-01 2.260220008395672764e+01 1.334752654986790503e+02
2.099999999999999645e-01 2.126744742896993756e+01 1.334752654986790503e+02
2.199999999999999734e-01 1.993269477398314393e+01 1.334752654986790503e+02
2.299999999999999822e-01 1.859794211899635741e+01 1.334752654986791924e+02
2.400000000000000466e-01 1.726318946400956023e+01 1.334752654986791924e+02
2.500000000000000000e-01 1.592843680902277193e+01 1.334752654986790503e+02
2.600000000000000089e-01 1.459368415403598007e+01 1.334752654986790503e+02
2.700000000000000178e-01 1.325893149904919177e+01 1.334752654986790503e+02
2.799999999999999711e-01 1.192417884406239992e+01 1.334752654986790503e+02
2.899999999999999800e-01 1.058942618907560984e+01 1.334752654986790503e+02
3.000000000000000444e-01 9.254673534088817988e+00 1.334752654986789082e+02
3.099999999999999978e-01 7.919920879102032352e+00 1.334752654986790219e+02
3.200000000000000622e-01 6.585168224115238722e+00 1.334752654986794767e+02
3.300000000000000711e-01 5.250415569128444204e+00 1.334752654986790503e+02
3.400000000000000244e-01 3.915662914141657680e+00 1.334752654986790503e+02
3.500000000000000333e-01 2.580910259154863162e+00 1.120928548696685425e+02
3.599999999999999867e-01 1.673805816748287434e+00 7.986444911369338229e+01
3.700000000000000511e-01 9.836212768809957652e-01 6.182659449226484583e+01
3.800000000000000044e-01 4.372739269029905507e-01 4.937017409655967981e+01
3.900000000000000688e-01 -3.782205050197573817e-03 3.999132180518054724e+01
4.000000000000000222e-01 -3.625525092006204320e-01 3.250259173205861885e+01
4.099999999999999756e-01 -6.538340396913698838e-01 2.618030683617310928e+01
4.199999999999999289e-01 -8.861586459240824443e-01 2.064476158339761724e+01
4.299999999999999933e-01 -1.066729271359322162e+00 1.575256388439208344e+01
4.399999999999999467e-01 -1.201209923611924024e+00 1.147049367065668868e+01
4.500000000000000111e-01 -1.296139144772455953e+00 7.788829151665168204e+00
4.599999999999999645e-01 -1.356986506645227575e+00 4.654209011351846392e+00
4.700000000000000289e-01 -1.389223324999492970e+00 1.979283102041651032e+00
4.800000000000000933e-01 -1.396572168686060378e+00 -3.495151420950547427e-01
4.900000000000000466e-01 -1.382233022157591806e+00 -2.385511386989654259e+00
5.000000000000000000e-01 -1.348861940946267435e+00 -4.070033850624581007e+00
5.100000000000000089e-01 -1.300832345145100266e+00 -5.279251489890905091e+00
5.200000000000000178e-01 -1.243276911148449404e+00 -6.045014242873425481e+00
5.300000000000000266e-01 -1.179932060287631757e+00 -6.486172560657097463e+00
5.400000000000000355e-01 -1.113553459935307410e+00 -6.683005138094215702e+00
5.500000000000000444e-01 -1.046271957525747309e+00 -6.656658737720109187e+00
5.599999999999999423e-01 -9.804202851809051822e-01 -6.458540580059357161e+00
5.699999999999999512e-01 -9.171011459245602682e-01 -6.160136844533194989e+00
5.799999999999999600e-01 -8.572175482902413268e-01 -5.889236128476324161e+00
5.899999999999999689e-01 -7.993164233550338338e-01 -5.780718527974827659e+00
6.000000000000000888e-01 -7.416031777307446893e-01 -5.857537662322588545e+00
6.099999999999999867e-01 -6.821656701085820895e-01 -6.001039630793148838e+00
6.199999999999999956e-01 -6.215823851148818413e-01 -6.007137783749798565e+00
6.300000000000001155e-01 -5.620229144335860960e-01 -5.701054019633303049e+00
6.400000000000001243e-01 -5.075613047222157226e-01 -5.070020490169110161e+00
6.500000000000000222e-01 -4.606225046302038773e-01 -4.302117012487748582e+00
6.600000000000001421e-01 -4.215189644724607332e-01 -3.612198704400122473e+00
6.700000000000000400e-01 -3.883785305422014500e-01 -3.135491397143435943e+00
6.800000000000000488e-01 -3.588091365295920654e-01 -2.898511148314051322e+00
6.899999999999999467e-01 -3.304083075759204902e-01 -2.799209379472859638e+00
7.000000000000000666e-01 -3.028249489401348415e-01 -2.648535827508862628e+00
7.099999999999999645e-01 -2.774375910257431688e-01 -2.336430967067943065e+00
7.199999999999999734e-01 -2.560963295987760402e-01 -1.885379187928965861e+00
7.299999999999999822e-01 -2.397300072671638971e-01 -1.380996073953792314e+00
7.400000000000001021e-01 -2.284764081197001862e-01 -9.104775337506147981e-01
7.500000000000000000e-01 -2.215204565921515822e-01 -5.485864181242380289e-01
7.600000000000000089e-01 -2.175046797572154078e-01 -3.074815401725302655e-01
7.700000000000000178e-01 -2.153708257887009814e-01 -1.611610674079183569e-01
7.800000000000001377e-01 -2.142814584090570462e-01 -9.966446659057345836e-02
7.900000000000000355e-01 -2.133775364568895050e-01 -1.248619860429522194e-01
8.000000000000000444e-01 -2.117842186881980227e-01 -2.110534945957951991e-01
8.100000000000001643e-01 -2.091564665649736088e-01 -3.147801782277162008e-01
8.199999999999999512e-01 -2.054886151236436920e-01 -4.228556939794964054e-01
8.300000000000000711e-01 -2.006993526853836640e-01 -5.306505230516597171e-01
8.399999999999998579e-01 -1.948756046626105021e-01 -5.955016186307540149e-01
8.500000000000000888e-01 -1.887893203127685993e-01 -5.781510744264070079e-01
8.599999999999999867e-01 -1.833125831740823608e-01 -4.967978929656059472e-01
8.699999999999999956e-01 -1.788533624534564825e-01 -4.091039361264154905e-01
8.799999999999998934e-01 -1.751305044515540366e-01 -3.923205077976424926e-01
8.900000000000001243e-01 -1.710069522975036505e-01 -4.811957956366777478e-01
9.000000000000000222e-01 -1.655065885388204983e-01 -6.321229530193874790e-01
9.100000000000000311e-01 -1.583644932371158776e-01 -7.733696588927474469e-01
9.199999999999999289e-01 -1.500391953609655216e-01 -8.649180013870250150e-01
9.300000000000001599e-01 -1.410661332093753884e-01 -8.985110009695626010e-01
9.400000000000000577e-01 -1.320689753415743017e-01 -8.815658754180979439e-01
9.500000000000000666e-01 -1.234348157010134311e-01 -8.489761728255311724e-01
9.600000000000001865e-01 -1.150894518850636705e-01 -8.425487587777404919e-01
9.699999999999999734e-01 -1.065838405254586202e-01 -8.680119902597687176e-01
9.800000000000000933e-01 -9.772921207986830228e-02 -8.908205401931409417e-01
9.899999999999998801e-01 -8.876742972159581968e-02 -8.797769330812035271e-01
1.000000000000000000e+00 -8.013367341824423340e-02 -8.366320734731319542e-01
1.010000000000000009e+00 -7.203478825213316394e-02 -7.803912097538852066e-01
1.020000000000000018e+00 -6.452584922316652316e-02 -7.210641710587879505e-01
1.030000000000000027e+00 -5.761350483095740993e-02 -6.592879061290891629e-01
1.040000000000000036e+00 -5.134009110058474629e-02 -5.927154478878319255e-01
1.050000000000000044e+00 -4.575919587320077808e-02 -5.247269394505816864e-01
1.060000000000000053e+00 -4.084555231157311478e-02 -4.656579092820180010e-01
1.070000000000000062e+00 -3.644603768756041196e-02 -4.198881855535120389e-01
1.080000000000000071e+00 -3.244778860050287483e-02 -3.855832316257270520e-01
1.090000000000000080e+00 -2.873437305504587813e-02 -3.603617826169941418e-01
1.100000000000000089e+00 -2.524055294816298853e-02 -3.427645425883898422e-01
1.110000000000000098e+00 -2.187908220327807948e-02 -3.267433060121465727e-01
1.119999999999999885e+00 -1.870568682792005805e-02 -3.061152602217281915e-01
1.130000000000000115e+00 -1.575677699884351843e-02 -2.846330712039892852e-01
1.139999999999999902e+00 -1.301302540384027297e-02 -2.664644488286416202e-01
1.150000000000000133e+00 -1.042748802227068394e-02 -2.506284722212660521e-01
1.159999999999999920e+00 -8.000455959414952065e-03 -3.951251522061505206e-01
1.169999999999999929e+00 -2.524984978147674919e-03 -3.831642460604152700e-01
1.179999999999999938e+00 -3.371710382066474688e-04 -1.249100706457319937e-01
1.190000000000000169e+00 -2.678356523303514856e-05 -1.685855191033237485e-02
1.200000000000000178e+00 0.000000000000000000e+00 -2.678356523303514897e-03
