0.000000000000000000e+00 9.983185572371102978e+01 2.666369552644482610e+02
1.000000000000000194e-02 9.716548617106654717e+01 2.666369552644482610e+02
2.000000000000000389e-02 9.449911661842206456e+01 2.666369552644482610e+02
3.000000000000000583e-02 9.183274706577758195e+01 2.666369552644482610e+02
4.000000000000000777e-02 8.916637751313309934e+01 2.666369552644482610e+02
5.000000000000000278e-02 8.650000796048861673e+01 2.666369552644488294e+02
6.000000000000001166e-02 8.383363840784413412e+01 2.666369552644482610e+02
6.999999999999999278e-02 8.116726885519965151e+01 2.666369552644482610e+02
8.000000000000001554e-02 7.850089930255515469e+01 2.666369552644482610e+02
8.999999999999999667e-02 7.583452974991068629e+01 2.666369552644482610e+02
1.000000000000000056e-01 7.316816019726618947e+01 2.666369552644482610e+02
1.099999999999999867e-01 7.050179064462172107e+01 2.666369552644482610e+02
1.200000000000000233e-01 6.783542109197722425e+01 2.666369552644482610e+02
1.300000000000000044e-01 6.516905153933275585e+01 2.666369552644482610e+02
1.399999999999999856e-01 6.250268198668827324e+01 2.666369552644482610e+02
1.500000000000000222e-01 5.983631243404379774e+01 2.666369552644482610e+02
1.600000000000000311e-01 5.716994288139930802e+01 2.666369552644482610e+02
1.700000000000000122e-01 5.450357332875483252e+01 2.666369552644479768e+02
1.799999999999999933e-01 5.183720377611034991e+01 2.666369552644486021e+02
1.900000000000000022e-01 4.917083422346586730e+01 2.666369552644479768e+02
2.000000000000000111e-01 4.650446467082138469e+01 2.666369552644479768e+02
2.099999999999999645e-01 4.383809511817690208e+01 2.666369552644486021e+02
2.199999999999999734e-01 4.117172556553241947e+01 2.666369552644486021e+02
2.299999999999999822e-01 3.850535601288792975e+01 2.666369552644486021e+02
2.400000000000000466e-01 3.583898646024344714e+01 2.666369552644486021e+02
2.500000000000000000e-01 3.317261690759896453e+01 2.666369552644482610e+02
2.600000000000000089e-01 3.050624735495447837e+01 2.666369552644482610e+02
2.700000000000000178e-01 2.783987780230999931e+01 2.666369552644482610e+02
2.799999999999999711e-01 2.517350824966551670e+01 2.982742151799043882e+02
2.899999999999999800e-01 2.187439349871191041e+01 2.991544500120841121e+02
3.000000000000000444e-01 1.919041924942383304e+01 2.458556644548050940e+02
3.099999999999999978e-01 1.695728020961580995e+01 2.065508471777262400e+02
3.200000000000000622e-01 1.505940230586930895e+01 1.767144273349869366e+02
3.300000000000000711e-01 1.342299166291607193e+01 1.528873317910280321e+02
3.400000000000000244e-01 1.200165567004874845e+01 1.333361631841230235e+02
3.500000000000000333e-01 1.075626839923361189e+01 1.172574205058074881e+02
3.599999999999999867e-01 9.656507259932599396e+00 1.041890083894945462e+02
3.700000000000000511e-01 8.672488231443720608e+00 9.394738597179181738e+01
3.800000000000000044e-01 7.777559540496762125e+00 8.622225292351680537e+01
3.900000000000000688e-01 6.948043172973385140e+00 8.031932172451085705e+01
4.000000000000000222e-01 6.171173106006546227e+00 7.528354750983736210e+01
4.099999999999999756e-01 5.442372222776637791e+00 7.039410717578276433e+01
4.199999999999999289e-01 4.763290962490890124e+00 6.535161415813254848e+01
4.299999999999999933e-01 4.135339939613987603e+00 6.026490592701935611e+01
4.399999999999999467e-01 3.557992843950503303e+00 5.553722666158536470e+01
4.500000000000000111e-01 3.024595406382279972e+00 5.150039948954511715e+01
4.599999999999999645e-01 2.527984854159601280e+00 4.802377294162675980e+01
4.700000000000000289e-01 2.064119947549745149e+00 4.478273950029986139e+01
4.800000000000000933e-01 1.632330064153604043e+00 4.158490143238462622e+01
4.900000000000000466e-01 1.232421918902052438e+00 3.833451685950527832e+01
5.000000000000000000e-01 8.656397269634985570e-01 3.501465807420687781e+01
5.100000000000000089e-01 5.321287574179149882e-01 3.169207949729779017e+01
5.200000000000000178e-01 2.317981370175428435e-01 2.842864753239293307e+01
5.300000000000000266e-01 -3.644419322994358473e-02 2.526381271437686493e+01
5.400000000000000355e-01 -2.734781172699943808e-01 2.220727224764925722e+01
5.500000000000000444e-01 -4.805896381829287134e-01 1.930811636126173170e+01
5.599999999999999423e-01 -6.596404444952289614e-01 1.663228747944024732e+01
5.699999999999999512e-01 -8.132353877717335422e-01 1.418105543755200593e+01
5.799999999999999600e-01 -9.432615532462690355e-01 1.196807006139637863e+01
5.899999999999999689e-01 -1.052596788999661248e+00 9.961443497835192673e+00
6.000000000000000888e-01 -1.142490423202972893e+00 8.033775770836637520e+00
6.099999999999999867e-01 -1.213272304416393776e+00 6.141799270890805573e+00
6.199999999999999956e-01 -1.265326408620789156e+00 4.338929057893682106e+00
6.300000000000001155e-01 -1.300050885574267401e+00 2.638197695274988597e+00
6.400000000000001243e-01 -1.318090362526288750e+00 1.125483207510299843e+00
6.500000000000000222e-01 -1.322560549724473455e+00 -5.734909831159392540e-02
6.600000000000001421e-01 -1.316943380560056998e+00 -8.965833698920185890e-01
6.700000000000000400e-01 -1.304628882326633210e+00 -1.521527989552498683e+00
6.800000000000000488e-01 -1.286512820769007082e+00 -2.105689777139374996e+00
6.899999999999999467e-01 -1.262515086783845719e+00 -2.806906562056432630e+00
7.000000000000000666e-01 -1.230374689527878207e+00 -3.667568241244356209e+00
7.099999999999999645e-01 -1.189163721958958586e+00 -4.548386341555679557e+00
7.199999999999999734e-01 -1.139406962696764669e+00 -5.193639369278736595e+00
7.299999999999999822e-01 -1.085290934573383881e+00 -5.429775550732011347e+00
7.400000000000001021e-01 -1.030811451682124513e+00 -5.301266301860214192e+00
7.500000000000000000e-01 -9.792656085361794993e-01 -4.998505377215014533e+00
7.600000000000000089e-01 -9.308413441378241560e-01 -4.740046922935284179e+00
7.700000000000000178e-01 -8.844646700774739800e-01 -4.700368967392745567e+00
7.800000000000001377e-01 -8.368339647899691869e-01 -4.955548048705390229e+00
7.900000000000000355e-01 -7.853537091033661044e-01 -5.405055431959785217e+00
8.000000000000000444e-01 -7.287328561507736557e-01 -5.782553373930742424e+00
8.100000000000001643e-01 -6.697026416247512381e-01 -5.805409615838458492e+00
8.199999999999999512e-01 -6.126246638340043793e-01 -5.418885577910470097e+00
8.300000000000000711e-01 -5.613249300665418273e-01 -4.832075981919867758e+00
8.399999999999998579e-01 -5.159831441956069797e-01 -4.319231533517051247e+00
8.500000000000000888e-01 -4.749402993962009156e-01 -4.054947140631361968e+00
8.599999999999999867e-01 -4.348842013829797848e-01 -4.045564743417344289e+00
8.699999999999999956e-01 -3.940290045278539988e-01 -4.128196840757508035e+00
8.799999999999998934e-01 -3.523202645678296108e-01 -4.114766529594743538e+00
8.900000000000001243e-01 -3.117336739359591324e-01 -3.904328813237149642e+00
9.000000000000000222e-01 -2.742336883030866423e-01 -3.490730155944809621e+00
9.100000000000000311e-01 -2.419190708170629589e-01 -2.967583519581203255e+00
9.199999999999999289e-01 -2.148820179114626083e-01 -2.481720189070838689e+00
9.300000000000001599e-01 -1.922846670356462007e-01 -2.107835426970200654e+00
9.400000000000000577e-01 -1.727253093720586274e-01 -1.810247845989304993e+00
9.500000000000000666e-01 -1.560797101158601097e-01 -1.518856136235778642e+00
9.600000000000001865e-01 -1.423481866473430280e-01 -1.212572393348398059e+00
9.699999999999999734e-01 -1.318282622488921307e-01 -8.918513275679866847e-01
9.800000000000000933e-01 -1.245111600959833004e-01 -5.669311833711216941e-01
9.899999999999998801e-01 -1.204896385814697019e-01 -2.755170532519920501e-01
1.000000000000000000e+00 -1.190008190309434638e-01 -7.403495523276495960e-02
1.010000000000000009e+00 -1.190089394768144015e-01 1.467126497328227232e-02
1.020000000000000018e+00 -1.192942443304091105e-01 -9.726292712936819920e-03
1.030000000000000027e+00 -1.188144136225556674e-01 -1.216903310424040929e-01
1.040000000000000036e+00 -1.168604377095610325e-01 -2.616219683933552753e-01
1.050000000000000044e+00 -1.135819742546885502e-01 -3.624179331493118106e-01
1.060000000000000053e+00 -1.096120790465748007e-01 -3.931977796200830100e-01
1.070000000000000062e+00 -1.057180186622869028e-01 -3.494500646666442445e-01
1.080000000000000071e+00 -1.026230777532419064e-01 -2.658552371633789990e-01
1.090000000000000080e+00 -1.004009139190193134e-01 -2.134749144567233969e-01
1.100000000000000089e+00 -9.835357946410744345e-02 -2.507045923544821142e-01
1.110000000000000098e+00 -9.538682207192968054e-02 -3.781095928801646577e-01
1.119999999999999885e+00 -9.079138760650415363e-02 -5.560142124103899519e-01
1.130000000000000115e+00 -8.426653782372188484e-02 -7.423019703643100042e-01
1.139999999999999902e+00 -7.594534819921795743e-02 -9.118755846765719264e-01
1.150000000000000133e+00 -6.602902613019044631e-02 -1.059492122427371008e+00
1.159999999999999920e+00 -5.475550575067052866e-02 -2.837502808204239724e+00
1.169999999999999929e+00 -9.278969966105644895e-03 -2.690156621377181256e+00
1.179999999999999938e+00 -9.523733231269189501e-04 -4.597700895669836751e-01
1.190000000000000169e+00 -8.356817476597252386e-05 -4.761866615634594707e-02
1.200000000000000178e+00 0.000000000000000000e+00 -8.356817476597252006e-03
