0.000000000000000000e+00 2.997587786548338045e+02 1.119991855335417995e+03
1.000000000000000194e-02 2.885588601014796382e+02 1.119991855335422770e+03
2.000000000000000389e-02 2.773589415481253582e+02 1.119991855335422770e+03
3.000000000000000583e-02 2.661590229947711919e+02 1.119991855335417995e+03
4.000000000000000777e-02 2.549591044414170256e+02 1.119991855335417995e+03
5.000000000000000278e-02 2.437591858880628308e+02 1.119991855335422770e+03
6.000000000000001166e-02 2.325592673347085793e+02 1.119991855335422770e+03
6.999999999999999278e-02 2.213593487813543845e+02 1.119991855335421860e+03
8.000000000000001554e-02 2.101594302280001330e+02 1.119991855335421860e+03
8.999999999999999667e-02 1.989595116746459667e+02 1.119991855335421860e+03
1.000000000000000056e-01 1.877595931212917151e+02 1.119991855335422770e+03
1.099999999999999867e-01 1.765596745679375204e+02 1.119991855335421860e+03
1.200000000000000233e-01 1.653597560145832972e+02 1.119991855335421860e+03
1.300000000000000044e-01 1.541598374612290741e+02 1.119991855335420496e+03
1.399999999999999856e-01 1.429599189078748509e+02 1.119991855335420496e+03
1.500000000000000222e-01 1.317600003545206562e+02 1.119991855335421860e+03
1.600000000000000311e-01 1.205600818011664330e+02 1.119991855335421860e+03
1.700000000000000122e-01 1.093601632478122383e+02 1.119991855335420951e+03
1.799999999999999933e-01 9.816024469445802936e+01 1.119991855335420951e+03
1.900000000000000022e-01 8.696032614110382042e+01 1.119991855335420951e+03
2.000000000000000111e-01 7.576040758774959727e+01 1.119991855335420951e+03
2.099999999999999645e-01 6.456048903439540254e+01 1.119991855335420951e+03
2.199999999999999734e-01 5.336057048104118650e+01 1.119991855335421860e+03
2.299999999999999822e-01 4.216065192768697045e+01 1.119991855335423224e+03
2.400000000000000466e-01 3.096073337433272599e+01 1.119991855335422770e+03
2.500000000000000000e-01 1.976081482097851350e+01 1.119991855335420951e+03
2.600000000000000089e-01 8.560896267624304556e+00 7.135861281713272319e+02
2.700000000000000178e-01 5.489092257551971166e+00 2.438088080930214687e+02
2.799999999999999711e-01 3.684720105763875431e+00 1.511870259624446362e+02
2.899999999999999800e-01 2.465351738303078744e+00 1.044857808490226745e+02
3.000000000000000444e-01 1.595004488783421603e+00 7.640001943088830672e+01
3.099999999999999978e-01 9.373513496853129734e-01 5.939740354832694891e+01
3.200000000000000622e-01 4.070564178168826763e-01 4.947783595667828394e+01
3.300000000000000711e-01 -5.220536944825247827e-02 4.390037641134337321e+01
3.400000000000000244e-01 -4.709511104099847190e-01 4.034439036589660788e+01
3.500000000000000333e-01 -8.590931767661845742e-01 3.679075649427641537e+01
3.599999999999999867e-01 -1.206766240295513049e+00 3.149946788477179282e+01
3.700000000000000511e-01 -1.489082534461620311e+00 2.351297298582962725e+01
3.800000000000000044e-01 -1.677025700012105380e+00 1.315364725877210361e+01
3.900000000000000688e-01 -1.752155479637062419e+00 1.949385303666432145e+00
4.000000000000000222e-01 -1.716013406085434179e+00 -8.024048553458561273e+00
4.099999999999999756e-01 -1.591674508567891166e+00 -1.500270567008137235e+01
4.199999999999999289e-01 -1.415959292683806714e+00 -1.770453059964192377e+01
4.299999999999999933e-01 -1.237583896575052744e+00 -1.558587426060077163e+01
4.399999999999999467e-01 -1.104241807471791237e+00 -9.617860938315187624e+00
4.500000000000000111e-01 -1.045226677808748894e+00 -2.746718507096092665e+00
4.599999999999999645e-01 -1.049307437329869419e+00 1.949037145004305138e+00
4.700000000000000289e-01 -1.084207420708835246e+00 3.698660590170115281e+00
4.800000000000000933e-01 -1.123280649133271858e+00 3.690907441807199429e+00
4.900000000000000466e-01 -1.158025569544979039e+00 3.098271667716574029e+00
5.000000000000000000e-01 -1.185246082487603214e+00 2.230759089771756187e+00
5.100000000000000089e-01 -1.202640751340414260e+00 9.297850375501267584e-01
5.200000000000000178e-01 -1.203841783238605689e+00 -1.035032256978661636e+00
5.300000000000000266e-01 -1.181940106200841001e+00 -3.623166105378614166e+00
5.400000000000000355e-01 -1.131378461131033353e+00 -6.565138726377041323e+00
5.500000000000000444e-01 -1.050637331673299979e+00 -9.382218059297397161e+00
5.599999999999999423e-01 -9.437340999450855028e-01 -1.153356456934450947e+01
5.699999999999999512e-01 -8.199660402864100694e-01 -1.272007914181490840e+01
5.799999999999999600e-01 -6.893325171087874015e-01 -1.285387960659365802e+01
5.899999999999999689e-01 -5.628884481545368690e-01 -1.197078606286607183e+01
6.000000000000000888e-01 -4.499167958514659338e-01 -1.026540262124169622e+01
6.099999999999999867e-01 -3.575803957297029601e-01 -7.942491896055331679e+00
6.199999999999999956e-01 -2.910669579303593046e-01 -5.324628393659018855e+00
6.300000000000001155e-01 -2.510878278565226163e-01 -2.757992940670496385e+00
6.400000000000001243e-01 -2.359070991169494036e-01 -6.094567791673726198e-01
6.500000000000000222e-01 -2.388986922731751728e-01 9.656250002290583945e-01
6.600000000000001421e-01 -2.552195991215305826e-01 1.989675787668239604e+00
6.700000000000000400e-01 -2.786922080265399337e-01 2.442310971337644521e+00
6.800000000000000488e-01 -3.040658185482834619e-01 2.388479394175981430e+00
6.899999999999999467e-01 -3.264617959100595823e-01 1.904277873023043632e+00
7.000000000000000666e-01 -3.421513760087443456e-01 1.225231348290551470e+00
7.099999999999999645e-01 -3.509664228758705984e-01 6.128275874348264596e-01
7.199999999999999734e-01 -3.544079277574408993e-01 2.464883297302915832e-01
7.299999999999999822e-01 -3.558961894704764650e-01 2.745646816581149841e-01
7.400000000000001021e-01 -3.598992213906031523e-01 6.152983055501913823e-01
7.500000000000000000e-01 -3.682021555814802838e-01 1.068093100361415138e+00
7.600000000000000089e-01 -3.812610833978314906e-01 1.466198255593453181e+00
7.700000000000000178e-01 -3.975261206933493052e-01 1.749959546524669118e+00
7.800000000000001377e-01 -4.162602743283248530e-01 1.898438517076584953e+00
7.900000000000000355e-01 -4.354948910348809821e-01 1.884674120326836233e+00
8.000000000000000444e-01 -4.539537567348615466e-01 1.796235444555564387e+00
8.100000000000001643e-01 -4.714195999259923053e-01 1.634400849956997304e+00
8.199999999999999512e-01 -4.866417737340015259e-01 1.226103294260909582e+00
8.300000000000000711e-01 -4.959416658112104637e-01 5.351501490275952788e-01
8.399999999999998579e-01 -4.973447767145534049e-01 -2.843003359793793150e-01
8.500000000000000888e-01 -4.902556590916228862e-01 -9.967125349354716279e-01
8.599999999999999867e-01 -4.774105260158439390e-01 -1.513933664034320392e+00
8.699999999999999956e-01 -4.599769858109365450e-01 -1.783799793028396641e+00
8.799999999999998934e-01 -4.417345301552760284e-01 -1.810249417003690908e+00
8.900000000000001243e-01 -4.237719974708626935e-01 -1.694021121161757737e+00
9.000000000000000222e-01 -4.078541077320408936e-01 -1.492865671113666748e+00
9.100000000000000311e-01 -3.939146840485893697e-01 -1.191573781629654993e+00
9.199999999999999289e-01 -3.840226320994478137e-01 -8.464720666879973487e-01
9.300000000000001599e-01 -3.769852427148294161e-01 -5.726824792153391019e-01
9.400000000000000577e-01 -3.725689825151409784e-01 -4.297730970670371464e-01
9.500000000000000666e-01 -3.683897807734886620e-01 -4.986585123884484383e-01
9.600000000000001865e-01 -3.625958122673720863e-01 -8.698838433682714033e-01
9.699999999999999734e-01 -3.509921039061232317e-01 -1.489222400665572543e+00
9.800000000000000933e-01 -3.328113642540606043e-01 -2.034534400952876076e+00
9.899999999999998801e-01 -3.103014158870657235e-01 -2.218166174937311830e+00
1.000000000000000000e+00 -2.884480407553143833e-01 -2.024225075065924084e+00
1.010000000000000009e+00 -2.698169143857472863e-01 -1.662450167985813687e+00
1.020000000000000018e+00 -2.551990373955980718e-01 -1.322022968203014459e+00
1.030000000000000027e+00 -2.433764550216869771e-01 -1.148254789983873536e+00
1.040000000000000036e+00 -2.322339415959206177e-01 -1.216862039503824100e+00
1.050000000000000044e+00 -2.190392142316104906e-01 -1.483781370416732193e+00
1.060000000000000053e+00 -2.025583141875859916e-01 -1.781550137874654549e+00
1.070000000000000062e+00 -1.834082114741173997e-01 -1.987736095164853056e+00
1.080000000000000071e+00 -1.628035922842889227e-01 -2.271958039821643460e+00
1.090000000000000080e+00 -1.379690506776845293e-01 -2.755632766231223219e+00
1.100000000000000089e+00 -1.076909369596644739e-01 -3.092050421033232688e+00
1.110000000000000098e+00 -7.612804225701988448e-02 -3.050849902491934884e+00
1.119999999999999885e+00 -4.667393890982577537e-02 -2.677505523752971683e+00
1.130000000000000115e+00 -2.257793178196045719e-02 -2.102078584097403890e+00
1.139999999999999902e+00 -4.632367227877699431e-03 -1.499350271668052903e+00
1.150000000000000133e+00 7.409073651400603991e-03 -9.366573664280360978e-01
1.159999999999999920e+00 1.410078010068302294e-02 -8.099806066386404380e-02
1.169999999999999929e+00 9.029034864677884867e-03 6.326954812477514345e-01
1.179999999999999938e+00 1.446870475727995899e-03 4.448329612537254563e-01
1.190000000000000169e+00 1.323756396033770220e-04 7.234352378639979930e-02
1.200000000000000178e+00 0.000000000000000000e+00 1.323756396033770599e-02
