0.000000000000000000e+00 2.048565103715915825e+02 6.517511456970235031e+02
1.000000000000000194e-02 1.983389989146213566e+02 6.517511456970235031e+02
2.000000000000000389e-02 1.918214874576511022e+02 6.517511456970235031e+02
3.000000000000000583e-02 1.853039760006808763e+02 6.517511456970235031e+02
4.000000000000000777e-02 1.787864645437106503e+02 6.517511456970235031e+02
5.000000000000000278e-02 1.722689530867404244e+02 6.517511456970246400e+02
6.000000000000001166e-02 1.657514416297701416e+02 6.517511456970246400e+02
6.999999999999999278e-02 1.592339301727999157e+02 6.517511456970246400e+02
8.000000000000001554e-02 1.527164187158296613e+02 6.517511456970235031e+02
8.999999999999999667e-02 1.461989072588594638e+02 6.517511456970235031e+02
1.000000000000000056e-01 1.396813958018891810e+02 6.517511456970235031e+02
1.099999999999999867e-01 1.331638843449189835e+02 6.517511456970235031e+02
1.200000000000000233e-01 1.266463728879487292e+02 6.517511456970246400e+02
1.300000000000000044e-01 1.201288614309784890e+02 6.517511456970235031e+02
1.399999999999999856e-01 1.136113499740082631e+02 6.517511456970235031e+02
1.500000000000000222e-01 1.070938385170380229e+02 6.517511456970235031e+02
1.600000000000000311e-01 1.005763270600677828e+02 6.517511456970235031e+02
1.700000000000000122e-01 9.405881560309755685e+01 6.517511456970235031e+02
1.799999999999999933e-01 8.754130414612731670e+01 6.517511456970235031e+02
1.900000000000000022e-01 8.102379268915709076e+01 6.517511456970235031e+02
2.000000000000000111e-01 7.450628123218685062e+01 6.517511456970235031e+02
2.099999999999999645e-01 6.798876977521661047e+01 6.517511456970235031e+02
2.199999999999999734e-01 6.147125831824637743e+01 6.517511456970240715e+02
2.299999999999999822e-01 5.495374686127613018e+01 6.517511456970253221e+02
2.400000000000000466e-01 4.843623540430587582e+01 6.517511456970246400e+02
2.500000000000000000e-01 4.191872394733564988e+01 6.517511456970235031e+02
2.600000000000000089e-01 3.540121249036540974e+01 6.517511456970235031e+02
2.700000000000000178e-01 2.888370103339517669e+01 6.517511456970237305e+02
2.799999999999999711e-01 2.236618957642493655e+01 6.517511456970237305e+02
2.899999999999999800e-01 1.584867811945470351e+01 6.517511456970235031e+02
3.000000000000000444e-01 9.331166662484466912e+00 4.700166875921877363e+02
3.099999999999999978e-01 6.448344367610950201e+00 2.465550587727937852e+02
3.200000000000000622e-01 4.400065487028592237e+00 1.794889198527349379e+02
3.300000000000000711e-01 2.858565970556251390e+00 1.349411451975976490e+02
3.400000000000000244e-01 1.701242583076639781e+00 9.966506488992015989e+01
3.500000000000000333e-01 8.652646727578484631e-01 7.031196351974708136e+01
3.599999999999999867e-01 2.950033126816981044e-01 4.697242246135238020e+01
3.700000000000000511e-01 -7.418377646919906143e-02 3.009468429124457600e+01
3.800000000000000044e-01 -3.068903731431933402e-01 1.927575627080157616e+01
3.900000000000000688e-01 -4.596989018852306041e-01 1.358955304374650552e+01
4.000000000000000222e-01 -5.786814340181234417e-01 1.147700144295598967e+01
4.099999999999999756e-01 -6.892389307443503865e-01 1.086833628097410376e+01
4.199999999999999289e-01 -7.960481596376054458e-01 9.923215072623422728e+00
4.299999999999999933e-01 -8.877032321968187922e-01 7.612343284416888345e+00
4.399999999999999467e-01 -9.482950253259431195e-01 3.866566050085796569e+00
4.500000000000000111e-01 -9.650345531985347058e-01 -5.640092201175127551e-01
4.599999999999999645e-01 -9.370148409235929954e-01 -4.696802979234898423e+00
4.700000000000000289e-01 -8.710984936138367329e-01 -7.883997265762360485e+00
4.800000000000000933e-01 -7.793348956083457901e-01 -9.940230011462359627e+00
4.900000000000000466e-01 -6.722938933845896692e-01 -1.082343176579097666e+01
5.000000000000000000e-01 -5.628662602925261771e-01 -1.025534582916756854e+01
5.100000000000000089e-01 -4.671869768012382185e-01 -8.160709323193428233e+00
5.200000000000000178e-01 -3.996520738286576946e-01 -5.082836027913454124e+00
5.300000000000000266e-01 -3.655302562429691426e-01 -1.889019265596510788e+00
5.400000000000000355e-01 -3.618716885167274633e-01 6.210181425217035089e-01
5.500000000000000444e-01 -3.779506190934032728e-01 1.806248539349808224e+00
5.599999999999999423e-01 -3.979966593037236877e-01 1.627529219762393398e+00
5.699999999999999512e-01 -4.105012034886511008e-01 8.176681525480804513e-01
5.799999999999999600e-01 -4.143500223546852657e-01 2.681528589868289458e-01
5.899999999999999689e-01 -4.158642606683876641e-01 2.868350078712191831e-01
6.000000000000000888e-01 -4.200867225121096560e-01 6.911191313822896420e-01
6.099999999999999867e-01 -4.296866432960334548e-01 1.287097160516291083e+00
6.199999999999999956e-01 -4.458286657224355132e-01 2.038991034865301977e+00
6.300000000000001155e-01 -4.704664639933394676e-01 2.915434704893884899e+00
6.400000000000001243e-01 -5.041373598203131579e-01 3.631916701210593512e+00
6.500000000000000222e-01 -5.431047980175512935e-01 3.716742976888371963e+00
6.600000000000001421e-01 -5.784722193580805749e-01 2.586384138603039062e+00
6.700000000000000400e-01 -5.948324807896121502e-01 -1.234738092201629334e-01
6.800000000000000488e-01 -5.760027431736772785e-01 -4.045589330632715530e+00
6.899999999999999467e-01 -5.139206941769578485e-01 -7.961875874651433094e+00
7.000000000000000666e-01 -4.167652256806487210e-01 -1.046557801101266350e+01
7.099999999999999645e-01 -3.046091339567045808e-01 -1.061139763325655139e+01
7.199999999999999734e-01 -2.045372730155176899e-01 -8.490090094713618640e+00
7.299999999999999822e-01 -1.348073320624322280e-01 -5.138475928951157456e+00
7.400000000000001021e-01 -1.017677544364945369e-01 -1.773647980677839797e+00
7.500000000000000000e-01 -9.933437244887542705e-02 8.662956418254574853e-01
7.600000000000000089e-01 -1.190936672730036755e-01 2.669478035869512489e+00
7.700000000000000178e-01 -1.527239331662656741e-01 3.797997639489106625e+00
7.800000000000001377e-01 -1.950536200627858152e-01 4.346952059304380889e+00
7.900000000000000355e-01 -2.396629743523533140e-01 4.365333143390767390e+00
8.000000000000000444e-01 -2.823602829306011142e-01 3.920594371273485645e+00
8.100000000000001643e-01 -3.180748617778230147e-01 3.087799838522661933e+00
8.199999999999999512e-01 -3.441162797010544061e-01 2.097502343901953115e+00
8.300000000000000711e-01 -3.600249086558620637e-01 1.197031988562683447e+00
8.399999999999998579e-01 -3.680569194723080639e-01 4.473662513250414308e-01
8.500000000000000888e-01 -3.689722336823629267e-01 -1.917555491765358389e-01
8.599999999999999867e-01 -3.642218084887773322e-01 -7.459318496484085292e-01
8.699999999999999956e-01 -3.540535966893947339e-01 -1.285083791528907282e+00
8.799999999999998934e-01 -3.385201326581991910e-01 -1.824646070423939559e+00
8.900000000000001243e-01 -3.175606752809159716e-01 -2.314967319481785690e+00
9.000000000000000222e-01 -2.922207862685634594e-01 -2.711716447339262981e+00
9.100000000000000311e-01 -2.633263463341307120e-01 -2.945906963894107111e+00
9.199999999999999289e-01 -2.333026469906813449e-01 -2.966438854480798692e+00
9.300000000000001599e-01 -2.039975692445147315e-01 -2.800183149241892266e+00
9.400000000000000577e-01 -1.772989840058435129e-01 -2.516205317789119267e+00
9.500000000000000666e-01 -1.536734628887323206e-01 -2.220420319644325069e+00
9.600000000000001865e-01 -1.328905776129570004e-01 -1.981440205196908222e+00
9.699999999999999734e-01 -1.140446587847941673e-01 -1.822690144478795515e+00
9.800000000000000933e-01 -9.643677472338109402e-02 -1.755629033790577775e+00
9.899999999999998801e-01 -7.893207810898260346e-02 -1.680035205978243074e+00
1.000000000000000000e+00 -6.283607060381622700e-02 -1.455414228393844933e+00
1.010000000000000009e+00 -4.982379354110571396e-02 -1.084347036765491046e+00
1.020000000000000018e+00 -4.114912986850641219e-02 -6.713598656952638466e-01
1.030000000000000027e+00 -3.639659622720043536e-02 -3.344282701923332324e-01
1.040000000000000036e+00 -3.446056446465974726e-02 -1.472599579761777744e-01
1.050000000000000044e+00 -3.345139706767687876e-02 -1.055948135058566301e-01
1.060000000000000053e+00 -3.234866819454261522e-02 -1.493948166297362212e-01
1.070000000000000062e+00 -3.046350073508215239e-02 -2.222764639365049644e-01
1.080000000000000071e+00 -2.790313891581251704e-02 -2.809092764158715450e-01
1.090000000000000080e+00 -2.484531520676472663e-02 -3.171267409154088224e-01
1.100000000000000089e+00 -2.156060409750433851e-02 -3.456055796734245344e-01
1.110000000000000098e+00 -1.793320361329623497e-02 -3.836596252388834727e-01
1.119999999999999885e+00 -1.388741159272667038e-02 -4.192866976138692747e-01
1.130000000000000115e+00 -9.547469661018846698e-03 -4.241912354278190023e-01
1.139999999999999902e+00 -5.403586884170290087e-03 -3.760030099041783425e-01
1.150000000000000133e+00 -2.027409462935282104e-03 -2.874121909645376838e-01
1.159999999999999920e+00 3.446569351204616300e-04 -9.499404006528899824e-02
1.169999999999999929e+00 -1.275286616295025850e-04 1.507786079031882970e-02
1.179999999999999938e+00 4.309971931408504339e-05 -6.950439246876191461e-03
1.190000000000000169e+00 1.148012330802119515e-05 2.154985965704252562e-03
1.200000000000000178e+00 0.000000000000000000e+00 1.148012330802119542e-03
