0.000000000000000000e+00 3.823652491438984725e+03 6.041430112110194023e+04
1.000000200000000089e-02 3.219509480227616223e+03 5.570841314693012100e+04
1.999999800000000494e-02 2.709484228499824439e+03 4.702455702506483067e+04
3.000000000000000583e-02 2.279018339728271712e+03 3.968435340162755165e+04
4.000000200000000672e-02 1.915797160467551976e+03 3.348068577922109398e+04
4.999999800000000383e-02 1.609404624140224087e+03 2.823830109317617462e+04
6.000000000000001166e-02 1.351031138604168291e+03 2.380891271410305853e+04
7.000000200000000561e-02 1.133226369859976103e+03 2.006705565904252217e+04
7.999999800000000272e-02 9.496900254237360741e+02 1.690657849907216223e+04
8.999999999999999667e-02 7.950947998776960048e+02 1.423767418726276264e+04
1.000000019999999906e-01 6.649365416797361377e+02 1.198436704362949604e+04
1.099999980000000016e-01 5.554074590056640091e+02 1.008238584201588128e+04
1.200000000000000233e-01 4.632888248390000285e+02 8.477363700459241954e+03
1.300000020000000311e-01 3.858601849952240173e+02 7.123314582079121465e+03
1.399999980000000144e-01 3.208225331957440289e+02 5.981343920974200046e+03
1.500000000000000222e-01 2.662333065778320247e+02 5.018557411271121055e+03
1.600000020000000023e-01 2.204513849686480285e+02 4.207137520216173471e+03
1.699999979999999855e-01 1.820905561736480252e+02 3.523561960230893874e+03
1.799999999999999933e-01 1.499801457666800104e+02 2.947942311738067019e+03
1.900000020000000012e-01 1.231317099395840131e+02 2.463464337647506909e+03
1.999999980000000122e-01 1.007108590110800179e+02 2.055914365399587041e+03
2.099999999999999645e-01 8.201342263061600590e+01 2.412101299936720352e+03
2.200000020000000278e-01 5.246883301485600271e+01 2.543713049317000241e+03
2.299999980000000110e-01 3.113916164218400340e+01 1.169995702058226698e+03
2.400000000000000466e-01 2.906891897355200527e+01 5.402251338253601034e+02
2.500000019999999989e-01 2.033465896902400161e+01 5.794508074912000666e+02
2.599999980000000099e-01 1.747990282372800408e+01 1.794586391375466974e+02
2.700000000000000178e-01 1.674548618655200016e+01 1.244680795981600170e+02
2.800000020000000256e-01 1.499054123092800239e+01 1.812628988956400349e+02
2.899999980000000366e-01 1.312022820738400064e+01 1.787853688250133644e+02
3.000000000000000444e-01 1.141483385331200218e+01 1.603774026072800041e+02
3.100000019999999967e-01 9.912680152728000849e+00 1.424851426873333651e+02
3.199999980000000632e-01 8.565131000960001018e+00 1.308118364447600186e+02
3.300000000000000711e-01 7.296443425088000367e+00 1.241750542181066947e+02
3.400000020000000234e-01 6.081629916040000694e+00 1.182521681560000104e+02
3.499999980000000344e-01 4.931400061968000514e+00 1.108858818758000098e+02
3.599999999999999867e-01 3.863912280616000228e+00 1.025860539565066745e+02
3.700000020000000500e-01 2.879678982280000188e+00 9.424968832278668174e+01
3.799999980000000055e-01 1.978918513184000361e+00 8.638747817796000561e+01
3.900000000000000688e-01 1.151929419976000180e+00 7.942664731304000725e+01
4.000000020000000212e-01 3.903855677600000518e-01 7.322486312596001312e+01
4.099999979999999766e-01 -3.125678412880000256e-01 6.732985051621334094e+01
4.199999999999999289e-01 -9.562114436800002171e-01 6.136775993478667601e+01
4.300000019999999923e-01 -1.539923040959999989e+00 5.524889958733334083e+01
4.399999980000000588e-01 -2.061189434032000278e+00 4.894486184324000533e+01
4.500000000000000111e-01 -2.518820279079999835e+00 4.250110131589333662e+01
4.600000019999999634e-01 -2.911211463976000058e+00 3.614544473397334201e+01
4.699999980000000299e-01 -3.241729171528000109e+00 3.020568221498667327e+01
4.800000000000000933e-01 -3.515325107160000240e+00 2.483471145610667108e+01
4.900000020000000456e-01 -3.738423401208000207e+00 2.006389193481333777e+01
4.999999980000000566e-01 -3.916602944880000603e+00 1.588095439188000491e+01
5.100000000000000089e-01 -4.056042489464000589e+00 1.204592194393333671e+01
5.200000020000000722e-01 -4.157521384456000391e+00 8.104619312920000596e+00
5.299999979999999722e-01 -4.218134875303999998e+00 3.900985913840000485e+00
5.400000000000000355e-01 -4.235541101895999638e+00 -2.518590668133333654e-01
5.500000019999999878e-01 -4.213097694944001326e+00 -3.794562561506666931e+00
5.599999979999999988e-01 -4.159649852200000275e+00 -6.264427676626667107e+00
5.699999999999999512e-01 -4.087809141272000346e+00 -7.678492092520000867e+00
5.800000020000000145e-01 -4.006080010768000577e+00 -8.637299812800002030e+00
5.899999980000000255e-01 -3.915063145016000057e+00 -9.833440846706666960e+00
6.000000000000000888e-01 -3.809411191184000067e+00 -1.143710582365333295e+01
6.100000020000000411e-01 -3.686321028264000432e+00 -1.300408302701333518e+01
6.199999980000000521e-01 -3.549329529528000293e+00 -1.398110729056000245e+01
6.300000000000001155e-01 -3.406698881616000207e+00 -1.418974452164000333e+01
6.400000020000000678e-01 -3.265534642024000345e+00 -1.386251283564000225e+01
6.499999980000000788e-01 -3.129448627832000174e+00 -1.353426811258666973e+01
6.600000000000001421e-01 -2.994849280888000287e+00 -1.381465798000000156e+01
6.700000020000000944e-01 -2.853155468232000391e+00 -1.488994650997333657e+01
6.799999979999999944e-01 -2.697050348736000469e+00 -1.637273883005333630e+01
6.899999999999999467e-01 -2.525700691352000593e+00 -1.776674888765333549e+01
7.000000020000000100e-01 -2.341715370704000154e+00 -1.867310760872000230e+01
7.099999980000000210e-01 -2.152238537504000071e+00 -1.880696749224000186e+01
7.199999999999999734e-01 -1.965576021696000097e+00 -1.815248985280000227e+01
7.300000020000000367e-01 -1.789188740448000248e+00 -1.693524319573333514e+01
7.399999980000000477e-01 -1.626871159176000114e+00 -1.546612770221333832e+01
7.500000000000000000e-01 -1.479866185287999958e+00 -1.411109231589333568e+01
7.600000019999999523e-01 -1.344649309232000212e+00 -1.319231060149333601e+01
7.699999980000000743e-01 -1.216019973816000022e+00 -1.278506272574666802e+01
7.800000000000001377e-01 -1.088948057088000132e+00 -1.275918472758666766e+01
7.900000020000000900e-01 -9.608362782880001118e-01 -1.282803482549333474e+01
7.999999980000001010e-01 -8.323873611360000924e-01 -1.260978908025333567e+01
8.100000000000001643e-01 -7.086404984960001929e-01 -1.184853750414666784e+01
8.200000020000001166e-01 -5.954166092400000609e-01 -1.057810093817333552e+01
8.299999979999999056e-01 -4.970784798719999897e-01 -9.003530444253334153e+00
8.399999999999998579e-01 -4.153460021680000502e-01 -7.393098551613334735e+00
8.500000020000000323e-01 -3.492165098160000536e-01 -6.022921792293334242e+00
8.599999980000000432e-01 -2.948875668800000627e-01 -5.084665552266667277e+00
8.699999999999999956e-01 -2.475231973759999815e-01 -4.554336341840000912e+00
8.800000019999999479e-01 -2.038008366960000484e-01 -4.269882896920001336e+00
8.899999980000000699e-01 -1.621255398560000338e-01 -4.061293293706667029e+00
9.000000000000000222e-01 -1.225749702640000216e-01 -3.765127005773333924e+00
9.100000019999999745e-01 -8.682299988000000135e-02 -3.269115960533333975e+00
9.199999980000002076e-01 -5.719265244800000175e-02 -2.531007671373333601e+00
9.300000000000001599e-01 -3.620284659200000144e-02 -1.581833513466667007e+00
9.400000020000001122e-01 -2.555598078399999931e-02 -5.696168379333335086e-01
9.499999980000000122e-01 -2.481050913600000088e-02 2.658789953200000333e-01
9.600000000000001865e-01 -3.087356445600000429e-02 7.551528173200000582e-01
9.700000020000001388e-01 -3.991356506400000476e-02 9.059220090933334246e-01
9.799999979999999278e-01 -4.899200408000000534e-02 8.370167381733334411e-01
9.899999999999998801e-01 -5.665389968799999787e-02 6.769229096666666834e-01
1.000000001999999943e+00 -6.253046157600000710e-02 5.280844456133333420e-01
1.009999998000000065e+00 -6.721558762400001164e-02 4.382364764933334156e-01
1.020000000000000018e+00 -7.129519264000001855e-02 4.303979268266667768e-01
1.030000001999999970e+00 -7.582354839200000640e-02 5.047811904000001348e-01
1.039999998000000092e+00 -8.139081644800000293e-02 6.194557951866668244e-01
1.050000000000000044e+00 -8.821266527200001539e-02 7.062353302799999621e-01
1.060000001999999997e+00 -9.551551928800000590e-02 7.130401251200001456e-01
1.069999998000000119e+00 -1.024734652640000160e-01 6.205656360533333693e-01
1.080000000000000071e+00 -1.079268322879999992e-01 4.268567844800000288e-01
1.090000002000000023e+00 -1.110106034640000044e-01 1.470749847600000271e-01
1.099999998000000145e+00 -1.108683349120000161e-01 -1.631536644133333713e-01
1.110000000000000098e+00 -1.077475269680000236e-01 -4.284448704933334073e-01
1.120000002000000050e+00 -1.022994359680000215e-01 -6.165117305600000819e-01
1.129999997999999950e+00 -9.541729570400001026e-02 -7.559477075866668505e-01
1.139999999999999902e+00 -8.718048084000001863e-02 -9.056328807466668129e-01
1.150000002000000077e+00 -7.730463836800001431e-02 -1.094972039426666877e+00
1.159999997999999977e+00 -6.528103991200000233e-02 -3.554855113786667520e+00
1.169999999999999929e+00 -6.207533024000000225e-03 -3.227649298853334070e+00
1.180000001999999881e+00 -7.280536560000000794e-04 -3.067314806666667226e-01
1.189999998000000003e+00 -7.290619999999999664e-05 -3.640276648000000809e-02
1.200000000000000178e+00 0.000000000000000000e+00 -7.290452640000001996e-03
