0.000000000000000000e+00 1.494673542793086938e+02 3.810366449835701133e+02
1.000000000000000194e-02 1.456569878294729961e+02 3.810366449835677258e+02
2.000000000000000389e-02 1.418466213796373268e+02 3.810366449835677258e+02
3.000000000000000583e-02 1.380362549298016290e+02 3.810366449835689195e+02
4.000000000000000777e-02 1.342258884799659597e+02 3.810366449835689195e+02
5.000000000000000278e-02 1.304155220301302620e+02 3.810366449835689195e+02
6.000000000000001166e-02 1.266051555802945785e+02 3.810366449835689195e+02
6.999999999999999278e-02 1.227947891304588808e+02 3.810366449835689195e+02
8.000000000000001554e-02 1.189844226806231973e+02 3.810366449835689195e+02
8.999999999999999667e-02 1.151740562307874995e+02 3.810366449835677258e+02
1.000000000000000056e-01 1.113636897809518587e+02 3.810366449835677258e+02
1.099999999999999867e-01 1.075533233311161467e+02 3.810366449835696017e+02
1.200000000000000233e-01 1.037429568812804632e+02 3.810366449835684080e+02
1.300000000000000044e-01 9.993259043144477971e+01 3.810366449835684080e+02
1.399999999999999856e-01 9.612222398160908199e+01 3.810366449835689195e+02
1.500000000000000222e-01 9.231185753177341269e+01 3.810366449835684080e+02
1.600000000000000311e-01 8.850149108193772918e+01 3.810366449835684080e+02
1.700000000000000122e-01 8.469112463210203146e+01 3.810366449835689195e+02
1.799999999999999933e-01 8.088075818226634794e+01 3.810366449835684080e+02
1.900000000000000022e-01 7.707039173243067864e+01 3.810366449835684080e+02
2.000000000000000111e-01 7.326002528259498092e+01 3.810366449835689195e+02
2.099999999999999645e-01 6.944965883275928320e+01 3.810366449835689195e+02
2.199999999999999734e-01 6.563929238292359969e+01 3.810366449835684080e+02
2.299999999999999822e-01 6.182892593308792328e+01 3.810366449835689195e+02
2.400000000000000466e-01 5.801855948325221846e+01 3.810366449835696017e+02
2.500000000000000000e-01 5.420819303341653494e+01 3.810366449835684080e+02
2.600000000000000089e-01 5.039782658358085143e+01 3.810366449835684080e+02
2.700000000000000178e-01 4.658746013374516082e+01 3.810366449835686353e+02
2.799999999999999711e-01 4.277709368390948441e+01 3.810366449835684080e+02
2.899999999999999800e-01 3.896672723407379380e+01 3.810366449835686353e+02
3.000000000000000444e-01 3.515636078423811028e+01 3.810366449835680669e+02
3.099999999999999978e-01 3.134599433440243743e+01 3.810366449835684080e+02
3.200000000000000622e-01 2.753562788456673971e+01 3.810366449835698290e+02
3.300000000000000711e-01 2.372526143473104199e+01 3.810366449835686353e+02
3.400000000000000244e-01 1.991489498489536913e+01 3.810366449835684648e+02
3.500000000000000333e-01 1.610452853505967141e+01 3.810366449835685785e+02
3.599999999999999867e-01 1.229416208522399856e+01 3.231669301795010938e+02
3.700000000000000511e-01 9.641189931469650531e+00 2.406122162202653385e+02
3.800000000000000044e-01 7.481917760818693530e+00 1.972080379366217358e+02
3.900000000000000688e-01 5.697029172737216207e+00 1.632545504672552852e+02
4.000000000000000222e-01 4.216826751473588430e+00 1.353614384617249016e+02
4.099999999999999756e-01 2.989800403502718140e+00 1.120591425612360865e+02
4.199999999999999289e-01 1.975643900248866158e+00 9.238267040068754454e+01
4.299999999999999933e-01 1.142146995488967143e+00 7.562905038808665381e+01
4.399999999999999467e-01 4.630628924871331153e-01 6.132208463087872019e+01
4.500000000000000111e-01 -8.429469712860725161e-02 4.908688420260693874e+01
4.599999999999999645e-01 -5.186747915650056218e-01 3.865952657329226838e+01
4.700000000000000289e-01 -8.574852285944526420e-01 2.988174966244616471e+01
4.800000000000000933e-01 -1.116309784813928951e+00 2.259588228442587621e+01
4.900000000000000466e-01 -1.309402874282970197e+00 1.658381039058204109e+01
5.000000000000000000e-01 -1.447985992625569596e+00 1.158929208144595080e+01
5.100000000000000089e-01 -1.541188715911889329e+00 7.385537245700548148e+00
5.200000000000000178e-01 -1.595696737539580523e+00 3.809962910332198138e+00
5.300000000000000266e-01 -1.617387974118533078e+00 7.573379106381726844e-01
5.400000000000000355e-01 -1.610843495752344090e+00 -1.843968534086047661e+00
5.500000000000000444e-01 -1.580508603436812098e+00 -4.010520598656465374e+00
5.599999999999999423e-01 -1.530633083779215031e+00 -5.755037482436798690e+00
5.699999999999999512e-01 -1.465407853788076142e+00 -7.070376661658257511e+00
5.799999999999999600e-01 -1.389225550546049792e+00 -7.948560195234645853e+00
5.899999999999999689e-01 -1.306436649883383261e+00 -8.447770509254414861e+00
6.000000000000000888e-01 -1.220270140360961264e+00 -8.691376150477667650e+00
6.099999999999999867e-01 -1.132609126873830085e+00 -8.735406221183517061e+00
6.199999999999999956e-01 -1.045562015937290923e+00 -8.621587229805921737e+00
6.300000000000001155e-01 -9.601773822777114331e-01 -8.427099778801293795e+00
6.400000000000001243e-01 -8.770200203612651402e-01 -8.193636965148993312e+00
6.500000000000000222e-01 -7.963046429747316912e-01 -7.885930151763260731e+00
6.600000000000001421e-01 -7.193014173259999477e-01 -7.459987601457440221e+00
6.700000000000000400e-01 -6.471048909455828779e-01 -6.923054071926261877e+00
6.800000000000000488e-01 -5.808403358874747457e-01 -6.328187023998949279e+00
6.899999999999999467e-01 -5.205411504656038968e-01 -5.751961109550780549e+00
7.000000000000000666e-01 -4.658011136964591570e-01 -5.245140069984748799e+00
7.099999999999999645e-01 -4.156383490659089075e-01 -4.809143247818283839e+00
7.199999999999999734e-01 -3.696182487400934691e-01 -4.410811649584917227e+00
7.299999999999999822e-01 -3.274221160742105674e-01 -4.037709493787269288e+00
7.400000000000001021e-01 -2.888640588643480722e-01 -3.684917243856062896e+00
7.500000000000000000e-01 -2.537237711970893317e-01 -3.352338950965298547e+00
7.600000000000000089e-01 -2.218172798450421535e-01 -3.042541932992214537e+00
7.700000000000000178e-01 -1.928729325372450232e-01 -2.737387247932417278e+00
7.800000000000001377e-01 -1.670695348863938112e-01 -2.385013690619978366e+00
7.900000000000000355e-01 -1.451726587248454714e-01 -1.952431584596277858e+00
8.000000000000000444e-01 -1.280209031944682663e-01 -1.476715550707388802e+00
8.100000000000001643e-01 -1.156383477106976837e-01 -1.045600072226551047e+00
8.199999999999999512e-01 -1.071089017499372437e-01 -7.410580008272634744e-01
8.300000000000000711e-01 -1.008171876941524325e-01 -5.799624686951545538e-01
8.399999999999998579e-01 -9.550965237603414870e-02 -5.168016248386037015e-01
8.500000000000000888e-01 -9.048115519738035573e-02 -4.921285090527116601e-01
8.599999999999999867e-01 -8.566708219497992660e-02 -4.713794130482686917e-01
8.699999999999999956e-01 -8.105356693641498078e-02 -4.326995976772659569e-01
8.799999999999998934e-01 -7.701309024143461468e-02 -3.660596137231498792e-01
8.900000000000001243e-01 -7.373237466195198264e-02 -2.848927781760664524e-01
9.000000000000000222e-01 -7.131523467791327231e-02 -2.219787708098878987e-01
9.100000000000000311e-01 -6.929279924575422467e-02 -1.975866685601793959e-01
9.199999999999999289e-01 -6.736350130670969161e-02 -2.212285728500751891e-01
9.300000000000001599e-01 -6.486822778875271645e-02 -2.953582118688142244e-01
9.400000000000000577e-01 -6.145633706933339990e-02 -3.972057708119623998e-01
9.500000000000000666e-01 -5.692411237251347733e-02 -4.868893181978095619e-01
9.600000000000001865e-01 -5.171855070537721005e-02 -5.342939911316525459e-01
9.699999999999999734e-01 -4.623823254988043002e-02 -5.348604296088761423e-01
9.800000000000000933e-01 -4.102134211319969498e-02 -5.012041018420838601e-01
9.899999999999998801e-01 -3.621415051303874394e-02 -4.593807706596057527e-01
1.000000000000000000e+00 -3.183372670000757243e-02 -4.283196668234962035e-01
1.010000000000000009e+00 -2.764775717656882750e-02 -4.098402804515628439e-01
1.020000000000000018e+00 -2.363692109097632194e-02 -3.944765791380265285e-01
1.030000000000000027e+00 -1.975822559380829499e-02 -3.798356748375036895e-01
1.040000000000000036e+00 -1.604020759422624884e-02 -3.641183591186890611e-01
1.050000000000000044e+00 -1.247585841143451606e-02 -3.437525415271378559e-01
1.060000000000000053e+00 -9.165156763683490401e-03 -3.127436114119238608e-01
1.070000000000000062e+00 -6.220986183196037730e-03 -2.704572608741788176e-01
1.080000000000000071e+00 -3.756011546199915230e-03 -2.195306577544967053e-01
1.090000000000000080e+00 -1.830373028106105056e-03 -1.674781021029332906e-01
1.100000000000000089e+00 -4.064495041412498756e-04 -1.212536075963041582e-01
1.110000000000000098e+00 5.946991238199779992e-04 -8.272045318139098491e-02
1.119999999999999885e+00 1.247959559486570011e-03 -5.031896264381993666e-02
1.130000000000000115e+00 1.601078376696376485e-03 -2.464835724466528030e-02
1.139999999999999902e+00 1.740926704379875452e-03 -7.293564064205039499e-03
1.150000000000000133e+00 1.746949657980477423e-03 3.707423456941270467e-03
1.159999999999999920e+00 1.666778235241050000e-03 1.661121090734896458e-02
1.169999999999999929e+00 1.414725439833498105e-03 6.901014775224528774e-02
1.179999999999999938e+00 2.865752801961444574e-04 6.938254628223770870e-02
1.190000000000000169e+00 2.707451418874402436e-05 1.432876400980722179e-02
1.200000000000000178e+00 0.000000000000000000e+00 2.707451418874402653e-03
