0.000000000000000000e+00 1.765673027509564861e+02 4.852039297361375247e+02
1.000000000000000194e-02 1.717152634535950995e+02 4.852039297361363310e+02
2.000000000000000389e-02 1.668632241562337413e+02 4.852039297361363310e+02
3.000000000000000583e-02 1.620111848588723831e+02 4.852039297361363310e+02
4.000000000000000777e-02 1.571591455615110249e+02 4.852039297361350805e+02
5.000000000000000278e-02 1.523071062641496667e+02 4.852039297361363310e+02
6.000000000000001166e-02 1.474550669667883085e+02 4.852039297361375247e+02
6.999999999999999278e-02 1.426030276694269219e+02 4.852039297361363310e+02
8.000000000000001554e-02 1.377509883720655921e+02 4.852039297361363310e+02
8.999999999999999667e-02 1.328989490747042055e+02 4.852039297361363310e+02
1.000000000000000056e-01 1.280469097773428473e+02 4.852039297361363310e+02
1.099999999999999867e-01 1.231948704799814749e+02 4.852039297361375247e+02
1.200000000000000233e-01 1.183428311826201025e+02 4.852039297361363310e+02
1.300000000000000044e-01 1.134907918852587585e+02 4.852039297361350805e+02
1.399999999999999856e-01 1.086387525878974003e+02 4.852039297361363310e+02
1.500000000000000222e-01 1.037867132905360279e+02 4.852039297361369563e+02
1.600000000000000311e-01 9.893467399317465549e+01 4.852039297361363310e+02
1.700000000000000122e-01 9.408263469581331151e+01 4.852039297361363310e+02
1.799999999999999933e-01 8.923059539845193910e+01 4.852039297361363310e+02
1.900000000000000022e-01 8.437855610109058091e+01 4.852039297361363310e+02
2.000000000000000111e-01 7.952651680372920850e+01 4.852039297361363310e+02
2.099999999999999645e-01 7.467447750636785031e+01 4.852039297361363310e+02
2.199999999999999734e-01 6.982243820900647790e+01 4.852039297361357626e+02
2.299999999999999822e-01 6.497039891164513392e+01 4.852039297361369563e+02
2.400000000000000466e-01 6.011835961428374731e+01 4.852039297361375247e+02
2.500000000000000000e-01 5.526632031692238201e+01 4.852039297361357626e+02
2.600000000000000089e-01 5.041428101956103092e+01 4.852039297361357626e+02
2.700000000000000178e-01 4.556224172219967272e+01 4.852039297361363310e+02
2.799999999999999711e-01 4.071020242483830742e+01 4.852039297361363310e+02
2.899999999999999800e-01 3.585816312747694212e+01 4.852039297361363310e+02
3.000000000000000444e-01 3.100612383011558393e+01 4.852039297361354784e+02
3.099999999999999978e-01 2.615408453275423639e+01 4.852039297361361037e+02
3.200000000000000622e-01 2.130204523539286043e+01 4.852039297361378090e+02
3.300000000000000711e-01 1.645000593803148092e+01 4.852039297361362173e+02
3.400000000000000244e-01 1.159796664067013694e+01 4.852039297361362173e+02
3.500000000000000333e-01 6.745927343308758317e+00 3.194593294609755958e+02
3.599999999999999867e-01 5.208780051450625059e+00 1.315707197108733340e+02
3.700000000000000511e-01 4.114512949091291283e+00 9.777251929803887265e+01
3.800000000000000044e-01 3.253329665489848477e+00 7.829550136106905711e+01
3.900000000000000688e-01 2.548602921869910887e+00 6.403495269547273949e+01
4.000000000000000222e-01 1.972630611580393323e+00 5.221772294255740832e+01
4.099999999999999756e-01 1.504248463018762916e+00 4.235759347029023303e+01
4.199999999999999289e-01 1.125478742174588875e+00 3.423740248145416842e+01
4.299999999999999933e-01 8.195004133896793830e-01 2.756875314226932261e+01
4.399999999999999467e-01 5.741036793292024765e-01 2.202336041137371225e+01
4.500000000000000111e-01 3.790332051622051779e-01 1.740915139224192032e+01
4.599999999999999645e-01 2.259206514843641322e-01 1.359617026598026790e+01
4.700000000000000289e-01 1.071097998425999537e-01 1.040161161947856883e+01
4.800000000000000933e-01 1.788841909479279776e-02 7.644287679825069404e+00
4.900000000000000466e-01 -4.577595375390144244e-02 5.213235905936300263e+00
5.000000000000000000e-01 -8.637629902393319237e-02 3.058282679344516808e+00
5.100000000000000089e-01 -1.069416073407917639e-01 1.179790534701911975e+00
5.200000000000000178e-01 -1.099721097179714308e-01 -3.948640819613851716e-01
5.300000000000000266e-01 -9.904432570156405935e-02 -1.614127921847950065e+00
5.400000000000000355e-01 -7.768955128101241725e-02 -2.427144682785459917e+00
5.500000000000000444e-01 -5.050143204585486739e-02 -2.827849939625552533e+00
5.599999999999999423e-01 -2.113255248850136672e-02 -2.883940688587576240e+00
5.699999999999999512e-01 7.177381725896657058e-03 -2.719508179757032629e+00
5.799999999999999600e-01 3.325761110663927322e-02 -2.454290657083731730e+00
5.899999999999999689e-01 5.626319486757128119e-02 -2.170673998547745231e+00
6.000000000000000888e-01 7.667109107759417785e-02 -1.913667065989560934e+00
6.099999999999999867e-01 9.453653618736250486e-02 -1.677888833570882365e+00
6.199999999999999956e-01 1.102288677490118329e-01 -1.414401139446891831e+00
6.300000000000001155e-01 1.228245589763003326e-01 -1.093200468529034630e+00
6.400000000000001243e-01 1.320928771195925278e-01 -7.509813290258191554e-01
6.500000000000000222e-01 1.378441855568167118e-01 -4.551762968539697640e-01
6.600000000000001421e-01 1.411964030566719153e-01 -2.391485248309696554e-01
6.700000000000000400e-01 1.426271560534360938e-01 -9.748963729888926455e-02
6.800000000000000488e-01 1.431461958026497006e-01 -2.691379683785999691e-02
6.899999999999999467e-01 1.431654319901932981e-01 9.813822590448143326e-03
7.000000000000000666e-01 1.429499193508407540e-01 5.120295492034232510e-02
7.099999999999999645e-01 1.421413728917864661e-01 1.148550786121943085e-01
7.199999999999999734e-01 1.406528177785968392e-01 1.852302613701299894e-01
7.299999999999999822e-01 1.384367676643838418e-01 2.401620990871110306e-01
7.400000000000001021e-01 1.358495757968546380e-01 2.592450116529885218e-01
7.500000000000000000e-01 1.332518674313240836e-01 2.269625672860855758e-01
7.600000000000000089e-01 1.313103244511329148e-01 1.557259199889252932e-01
7.700000000000000178e-01 1.301373490315455850e-01 7.413500171372405800e-02
7.800000000000001377e-01 1.298276244168584392e-01 -1.358026128864224698e-02
7.900000000000000355e-01 1.304089542573184379e-01 -9.156502694392107400e-02
8.000000000000000444e-01 1.316589249557368613e-01 -1.403624058615289827e-01
8.100000000000001643e-01 1.332162023745490087e-01 -1.428446250093164949e-01
8.199999999999999512e-01 1.345158174559231701e-01 -1.042607867390777793e-01
8.300000000000000711e-01 1.353014181093305512e-01 -4.624061529210749671e-02
8.399999999999998579e-01 1.354406297617653243e-01 2.084254807542720422e-03
8.500000000000000888e-01 1.352597330131797282e-01 1.638621287499486545e-02
8.599999999999999867e-01 1.351129055042654403e-01 2.773013977041137185e-03
8.699999999999999956e-01 1.352042727336388861e-01 -7.687968483112174282e-03
8.799999999999998934e-01 1.352666648739276889e-01 1.315855391771211629e-02
8.900000000000001243e-01 1.349411016552846676e-01 7.512538620003185452e-02
9.000000000000000222e-01 1.337641571499270376e-01 1.725603607826189378e-01
9.100000000000000311e-01 1.314898944396322711e-01 2.804757173155282279e-01
9.199999999999999289e-01 1.281546428036164642e-01 3.556869156717720193e-01
9.300000000000001599e-01 1.243761561261968324e-01 3.770384054001271745e-01
9.400000000000000577e-01 1.206138746956139235e-01 3.660010451276232146e-01
9.500000000000000666e-01 1.170561352236443725e-01 3.553381987616039961e-01
9.600000000000001865e-01 1.135071107203818597e-01 3.635941098867749299e-01
9.699999999999999734e-01 1.097842530259088706e-01 3.922179832141136635e-01
9.800000000000000933e-01 1.056627510560995825e-01 4.366092029165524746e-01
9.899999999999998801e-01 1.010520689675778183e-01 4.855306597205849006e-01
1.000000000000000000e+00 9.595213786168789449e-02 5.232999272608237495e-01
1.010000000000000009e+00 9.058607042236134499e-02 5.372071305618355552e-01
1.020000000000000018e+00 8.520799525045118228e-02 5.284477741887569913e-01
1.030000000000000027e+00 8.001711493858619517e-02 5.089464891968329407e-01
1.040000000000000036e+00 7.502906546651452735e-02 4.966713675859157351e-01
1.050000000000000044e+00 7.008368758686787936e-02 4.986335297510019471e-01
1.060000000000000053e+00 6.505639487149447731e-02 5.080105601392284065e-01
1.070000000000000062e+00 5.992347638408333094e-02 5.163665188136078443e-01
1.080000000000000071e+00 5.472906449522232930e-02 5.197353677000862149e-01
1.090000000000000080e+00 4.952876903008160414e-02 5.141150270787303578e-01
1.100000000000000089e+00 4.444676395364772353e-02 4.979236801192869488e-01
1.110000000000000098e+00 3.957029542769586322e-02 4.778259116150510022e-01
1.119999999999999885e+00 3.489024572134670488e-02 4.618729408888125332e-01
1.130000000000000115e+00 3.033283660991961325e-02 4.515989279374483800e-01
1.139999999999999902e+00 2.585826716259773811e-02 4.452257595646607613e-01
1.150000000000000133e+00 2.142832141862640108e-02 4.414552982110881985e-01
1.159999999999999920e+00 1.702916119837597289e-02 8.061487508475850827e-01
1.169999999999999929e+00 5.305346401674700292e-03 8.202197455056458031e-01
1.179999999999999938e+00 6.247662882630607888e-04 2.626833595072448624e-01
1.190000000000000169e+00 5.167921152980345693e-05 3.123831441315304269e-02
1.200000000000000178e+00 0.000000000000000000e+00 5.167921152980346072e-03
