0.000000000000000000e+00 2.729015720782041399e+02 7.538319004345721623e+02
1.000000000000000194e-02 2.653632530738584592e+02 7.538319004345721623e+02
2.000000000000000389e-02 2.578249340695127216e+02 7.538319004345721623e+02
3.000000000000000583e-02 2.502866150651670125e+02 7.538319004345721623e+02
4.000000000000000777e-02 2.427482960608213034e+02 7.538319004345721623e+02
5.000000000000000278e-02 2.352099770564755374e+02 7.538319004345745498e+02
6.000000000000001166e-02 2.276716580521297999e+02 7.538319004345745498e+02
6.999999999999999278e-02 2.201333390477840624e+02 7.538319004345721623e+02
8.000000000000001554e-02 2.125950200434383532e+02 7.538319004345735266e+02
8.999999999999999667e-02 2.050567010390925873e+02 7.538319004345735266e+02
1.000000000000000056e-01 1.975183820347468782e+02 7.538319004345735266e+02
1.099999999999999867e-01 1.899800630304011406e+02 7.538319004345745498e+02
1.200000000000000233e-01 1.824417440260554031e+02 7.538319004345735266e+02
1.300000000000000044e-01 1.749034250217096940e+02 7.538319004345735266e+02
1.399999999999999856e-01 1.673651060173639280e+02 7.538319004345735266e+02
1.500000000000000222e-01 1.598267870130181905e+02 7.538319004345735266e+02
1.600000000000000311e-01 1.522884680086724529e+02 7.538319004345735266e+02
1.700000000000000122e-01 1.447501490043267438e+02 7.538319004345735266e+02
1.799999999999999933e-01 1.372118299999809778e+02 7.538319004345735266e+02
1.900000000000000022e-01 1.296735109956352687e+02 7.538319004345735266e+02
2.000000000000000111e-01 1.221351919912895312e+02 7.538319004345735266e+02
2.099999999999999645e-01 1.145968729869438079e+02 7.538319004345735266e+02
2.199999999999999734e-01 1.070585539825980703e+02 7.538319004345735266e+02
2.299999999999999822e-01 9.952023497825233278e+01 7.538319004345745498e+02
2.400000000000000466e-01 9.198191597390658103e+01 7.538319004345745498e+02
2.500000000000000000e-01 8.444359696956084349e+01 7.538319004345728445e+02
2.600000000000000089e-01 7.690527796521512016e+01 7.538319004345735266e+02
2.700000000000000178e-01 6.936695896086938262e+01 7.538319004345735266e+02
2.799999999999999711e-01 6.182863995652364508e+01 7.538319004345735266e+02
2.899999999999999800e-01 5.429032095217791465e+01 7.538319004345735266e+02
3.000000000000000444e-01 4.675200194783218421e+01 7.538319004345719350e+02
3.099999999999999978e-01 3.921368294348647510e+01 7.538319004345730718e+02
3.200000000000000622e-01 3.167536393914071979e+01 4.328381645498812418e+02
3.300000000000000711e-01 3.055691965248885467e+01 2.120239259811209820e+02
3.400000000000000244e-01 2.743488541951830229e+01 4.382076407208503497e+02
3.500000000000000333e-01 2.179276683807184867e+01 5.087568940702592499e+02
3.599999999999999867e-01 1.725974753811311757e+01 4.109936262687703561e+02
3.700000000000000511e-01 1.357289431269644098e+01 3.417717469523699378e+02
3.800000000000000044e-01 1.042431259906571839e+01 2.890449082909815388e+02
3.900000000000000688e-01 7.791996146876810414e+00 2.371738534348712903e+02
4.000000000000000222e-01 5.680835530368293362e+00 1.902782099069456478e+02
4.099999999999999756e-01 3.986431948737898079e+00 1.533813446149272295e+02
4.199999999999999289e-01 2.613208638069749234e+00 1.249693020964259063e+02
4.299999999999999933e-01 1.487045906809380424e+00 1.029894149009870290e+02
4.399999999999999467e-01 5.534203400500088410e-01 8.505071626851682254e+01
4.500000000000000111e-01 -2.139684185609558309e-01 6.742361098787711171e+01
4.599999999999999645e-01 -7.950518797075335486e-01 5.157849029402753871e+01
4.700000000000000289e-01 -1.245538224441506525e+00 3.869445319484210444e+01
4.800000000000000933e-01 -1.568940943604375748e+00 2.708818207279773560e+01
4.900000000000000466e-01 -1.787301865897461317e+00 1.729684146485352514e+01
5.000000000000000000e-01 -1.914877772901446118e+00 1.096766179326100143e+01
5.100000000000000089e-01 -2.006655101762681248e+00 6.029674546396782020e+00
5.200000000000000178e-01 -2.035471263829381705e+00 7.920294797784376284e-01
5.300000000000000266e-01 -2.022495691358249914e+00 -3.015330484147413337e+00
5.400000000000000355e-01 -1.975164654146433385e+00 -5.169340552532678323e+00
5.500000000000000444e-01 -1.919108880307596410e+00 -6.486655983826254079e+00
5.599999999999999423e-01 -1.845431534469908375e+00 -7.278733555433722913e+00
5.699999999999999512e-01 -1.773534209198921907e+00 -7.546593548435932775e+00
5.799999999999999600e-01 -1.694499663501189746e+00 -8.663361246695586715e+00
5.899999999999999689e-01 -1.600266984265010128e+00 -9.745260897407826306e+00
6.000000000000000888e-01 -1.499594445553033228e+00 -9.881924242077344545e+00
6.099999999999999867e-01 -1.402628499423463460e+00 -9.436874662725958984e+00
6.199999999999999956e-01 -1.310856952298514067e+00 -9.547327440655154263e+00
6.300000000000001155e-01 -1.211681950610360214e+00 -1.018050374602244013e+01
6.400000000000001243e-01 -1.107246877378065264e+00 -1.030682423333220399e+01
6.500000000000000222e-01 -1.005545465943716188e+00 -1.035326297203552670e+01
6.600000000000001421e-01 -9.001816179373547389e-01 -1.025144487050651954e+01
6.700000000000000400e-01 -8.005165685335858816e-01 -9.960634290726902762e+00
6.800000000000000488e-01 -7.009689321228167458e-01 -9.467545769312387449e+00
6.899999999999999467e-01 -6.111656531473381726e-01 -9.116176089541257355e+00
7.000000000000000666e-01 -5.186454103319916298e-01 -8.946787258878140747e+00
7.099999999999999645e-01 -4.322299079697753399e-01 -8.236112297492233836e+00
7.199999999999999734e-01 -3.539231643821469930e-01 -7.237834717962665643e+00
7.299999999999999822e-01 -2.874732136105220270e-01 -6.428114807863058111e+00
7.400000000000001021e-01 -2.253608682248857964e-01 -5.878581778687308912e+00
7.500000000000000000e-01 -1.699015780367758577e-01 -4.985834937760064811e+00
7.600000000000000089e-01 -1.256441694696845135e-01 -4.086524630098962163e+00
7.700000000000000178e-01 -8.817108543479661165e-02 -3.492224761690361223e+00
7.800000000000001377e-01 -5.579967423587729042e-02 -2.916121575623204176e+00
7.900000000000000355e-01 -2.984865392233254297e-02 -2.449455246950482223e+00
8.000000000000000444e-01 -6.810569296867652681e-03 -1.756777088714317481e+00
8.100000000000001643e-01 5.286887851953805777e-03 -6.572608664185640714e-01
8.199999999999999512e-01 6.334648031503625244e-03 5.346701892142240176e-02
8.300000000000000711e-01 4.217547473525357256e-03 3.371663845448172325e-02
8.399999999999998579e-01 5.660315262413991542e-03 3.471593096434036352e-01
8.500000000000000888e-01 -2.725638719342714580e-03 1.219594993469062194e+00
8.599999999999999867e-01 -1.873158460696724981e-02 1.510530581280101980e+00
8.699999999999999956e-01 -3.293625034494475357e-02 1.213668315168643153e+00
8.799999999999998934e-01 -4.300495091034010897e-02 1.110024264397470928e+00
8.900000000000001243e-01 -5.513673563289416685e-02 1.228466886239677258e+00
9.000000000000000222e-01 -6.757428863513365025e-02 1.199826778397729887e+00
9.100000000000000311e-01 -7.913327120084875932e-02 1.163850032631379872e+00
9.199999999999999289e-01 -9.085128928776124713e-02 9.687938940600681059e-01
9.300000000000001599e-01 -9.850914908205012088e-02 5.406580837635420744e-01
9.400000000000000577e-01 -1.016644509630320881e-01 1.640754705723389828e-01
9.500000000000000666e-01 -1.017906584934968883e-01 -3.712372368296742997e-02
9.600000000000001865e-01 -1.009219764893727334e-01 -2.828496338684938216e-01
9.699999999999999734e-01 -9.613366581612703410e-02 -5.005432840880317258e-01
9.800000000000000933e-01 -9.091111080761210550e-02 -5.225191508595542489e-01
9.899999999999998801e-01 -8.568328279893594468e-02 -6.147050416623438540e-01
1.000000000000000000e+00 -7.861700997436522897e-02 -8.164721449568453915e-01
1.010000000000000009e+00 -6.935383989979902741e-02 -8.544753264671888227e-01
1.020000000000000018e+00 -6.152750344502144753e-02 -7.555222045822613808e-01
1.030000000000000027e+00 -5.424339580815380757e-02 -7.285413754762286587e-01
1.040000000000000036e+00 -4.695667593549687768e-02 -6.088687433275735694e-01
1.050000000000000044e+00 -4.206602094160234034e-02 -3.627131199617908419e-01
1.060000000000000053e+00 -3.970241353626106223e-02 -2.270797280963081088e-01
1.070000000000000062e+00 -3.752442637967617900e-02 -2.763060213527534503e-01
1.080000000000000071e+00 -3.417629310920599489e-02 -2.488058517464394881e-01
1.090000000000000080e+00 -3.254830934474738785e-02 -2.310884528086044609e-01
1.100000000000000089e+00 -2.955452405303390581e-02 -3.508273608077111527e-01
1.110000000000000098e+00 -2.553176212859316688e-02 -3.465153776357828286e-01
1.119999999999999885e+00 -2.262421650031825118e-02 -2.487235492385716229e-01
1.130000000000000115e+00 -2.055729114382173414e-02 -2.658123398709266172e-01
1.139999999999999902e+00 -1.730796970289972050e-02 -3.631574729246611621e-01
1.150000000000000133e+00 -1.329414168532851159e-02 -3.859012538619199240e-01
1.159999999999999920e+00 -9.589944625661322650e-03 -6.115466860220712952e-01
1.169999999999999929e+00 -1.063207964887085853e-03 -4.741073815357499388e-01
1.179999999999999938e+00 -1.077969949463239603e-04 -5.276297389228957330e-02
1.190000000000000169e+00 -7.948487041294380483e-06 -5.389849747316198016e-03
1.200000000000000178e+00 0.000000000000000000e+00 -7.948487041294380415e-04
