0.000000000000000000e+00 7.754249040000000548e+01 2.371044906666666918e+02
1.000000000000000194e-02 7.517141759999999806e+01 2.371044906666666918e+02
2.000000000000000389e-02 7.280034480000001906e+01 2.371044906666666918e+02
3.000000000000000583e-02 7.042927200000001164e+01 2.371044906666666918e+02
4.000000000000000777e-02 6.805819920000000423e+01 2.371044906666666918e+02
5.000000000000000278e-02 6.568712640000001102e+01 2.371044906666666918e+02
6.000000000000001166e-02 6.331647200000001163e+01 2.371044906666666918e+02
6.999999999999999278e-02 6.094539920000001132e+01 2.371044906666666918e+02
8.000000000000001554e-02 5.857432640000000390e+01 2.371044906666666918e+02
8.999999999999999667e-02 5.620325360000001069e+01 2.371044906666666918e+02
1.000000000000000056e-01 5.383218080000000327e+01 2.371044906666666918e+02
1.099999999999999867e-01 5.146110800000001007e+01 2.371044906666666918e+02
1.200000000000000233e-01 4.909003520000000265e+01 2.371044906666666918e+02
1.300000000000000044e-01 4.671896240000000233e+01 2.371044906666666918e+02
1.399999999999999856e-01 4.434788960000000912e+01 2.371044906666666918e+02
1.500000000000000222e-01 4.197681680000000171e+01 2.371044906666666918e+02
1.600000000000000311e-01 3.960582768000000442e+01 2.371044906666666918e+02
1.700000000000000122e-01 3.723479672000000562e+01 2.371044906666666918e+02
1.799999999999999933e-01 3.486372391999999820e+01 2.371044906666666918e+02
1.900000000000000022e-01 3.249269296000000651e+01 2.371044906666666918e+02
2.000000000000000111e-01 3.012166200000000416e+01 2.371044906666666918e+02
2.099999999999999645e-01 2.775058920000000384e+01 2.371044906666666918e+02
2.199999999999999734e-01 2.537955824000000504e+01 2.371044906666666918e+02
2.299999999999999822e-01 2.300852728000000269e+01 2.371044906666666918e+02
2.400000000000000466e-01 2.063749632000000389e+01 2.371044906666666918e+02
2.500000000000000000e-01 1.826642352000000002e+01 2.371044906666666918e+02
2.600000000000000089e-01 1.589539256000000300e+01 2.371044906666666918e+02
2.700000000000000178e-01 1.352436160000000065e+01 2.371044906666666918e+02
2.799999999999999711e-01 1.115328880000000034e+01 2.371044906666666918e+02
2.899999999999999800e-01 8.782257840000001536e+00 2.371044906666666918e+02
3.000000000000000444e-01 6.411226880000000961e+00 1.949388360000000091e+02
3.099999999999999978e-01 4.883481119999999898e+00 1.353293880000000229e+02
3.200000000000000622e-01 3.704634936000000600e+00 1.069911560000000179e+02
3.300000000000000711e-01 2.743653816000000134e+00 8.813456533333335585e+01
3.400000000000000244e-01 1.941936655999999983e+00 7.332948133333334795e+01
3.500000000000000333e-01 1.277065584000000031e+00 6.050475426666668000e+01
3.599999999999999867e-01 7.318443600000000826e-01 4.923654493333333448e+01
3.700000000000000511e-01 2.923335696000000650e-01 3.945693306666667155e+01
3.800000000000000044e-01 -5.729485920000000621e-02 3.119402120000000167e+01
3.900000000000000688e-01 -3.315472728000000702e-01 2.437626293333334004e+01
4.000000000000000222e-01 -5.448195599999999805e-01 1.880742866666667013e+01
4.099999999999999756e-01 -7.076943120000001031e-01 1.417880893333333603e+01
4.199999999999999289e-01 -8.283985280000000229e-01 1.019361866666666927e+01
4.299999999999999933e-01 -9.115680800000001138e-01 6.643027453333333554e+00
4.399999999999999467e-01 -9.612572640000001112e-01 3.518897413333333724e+00
4.500000000000000111e-01 -9.819471439999999385e-01 9.502770533333334546e-01
4.599999999999999645e-01 -9.802609920000001642e-01 -9.640075466666668813e-01
4.700000000000000289e-01 -9.626672720000001293e-01 -2.244499826666667364e+00
4.800000000000000933e-01 -9.353708560000001393e-01 -3.003038106666667595e+00
4.900000000000000466e-01 -9.026059520000001557e-01 -3.412052000000000529e+00
5.000000000000000000e-01 -8.671298160000000532e-01 -3.626454106666667343e+00
5.100000000000000089e-01 -8.300763120000000939e-01 -3.751214013333333597e+00
5.200000000000000178e-01 -7.921065120000000404e-01 -3.843052813333334150e+00
5.300000000000000266e-01 -7.532162320000000966e-01 -3.922388426666667094e+00
5.400000000000000355e-01 -7.136606960000000388e-01 -4.011131066666667522e+00
5.500000000000000444e-01 -6.729922160000001430e-01 -4.155151320000000759e+00
5.599999999999999423e-01 -6.305580880000000166e-01 -4.344038000000000288e+00
5.699999999999999512e-01 -5.861114560000000306e-01 -4.545148933333334362e+00
5.799999999999999600e-01 -5.396523200000000742e-01 -4.740360426666667237e+00
5.899999999999999689e-01 -4.913062000000000262e-01 -4.913668679999999789e+00
6.000000000000000888e-01 -4.413785280000001032e-01 -5.027313093333334315e+00
6.099999999999999867e-01 -3.907592408000000739e-01 -5.042514960000000990e+00
6.199999999999999956e-01 -3.405294840000000489e-01 -4.908884973333334401e+00
6.300000000000001155e-01 -2.925812623999999862e-01 -4.599038853333333954e+00
6.400000000000001243e-01 -2.485488464000000230e-01 -4.138275853333333920e+00
6.500000000000000222e-01 -2.098158848000000187e-01 -3.586880439999999837e+00
6.600000000000001421e-01 -1.768112376000000041e-01 -2.996343706666666939e+00
6.700000000000000400e-01 -1.498892896000000030e-01 -2.409635333333333573e+00
6.800000000000000488e-01 -1.286182520000000162e-01 -1.891126160000000000e+00
6.899999999999999467e-01 -1.120667664000000036e-01 -1.495319760000000331e+00
7.000000000000000666e-01 -9.871185680000001128e-02 -1.232097346666666926e+00
7.099999999999999645e-01 -8.742468000000000461e-02 -1.069479213333333512e+00
7.199999999999999734e-01 -7.732241200000000703e-02 -9.806180266666668643e-01
7.299999999999999822e-01 -6.781217999999999968e-02 -9.315257600000000915e-01
7.400000000000001021e-01 -5.869189680000001103e-02 -8.800207200000003116e-01
7.500000000000000000e-01 -5.021176560000000649e-02 -7.950227600000001615e-01
7.600000000000000089e-01 -4.279144160000000752e-02 -6.866766853333333698e-01
7.700000000000000178e-01 -3.647828768000000582e-02 -5.902278146666667391e-01
7.800000000000001377e-01 -3.098687136000000120e-02 -5.301915986666667635e-01
7.900000000000000355e-01 -2.587444176000000193e-02 -5.051796466666668151e-01
8.000000000000000444e-01 -2.088326448000000016e-02 -4.896807160000000714e-01
8.100000000000001643e-01 -1.608082744000000064e-02 -4.513531840000001294e-01
8.199999999999999512e-01 -1.185620080000000104e-02 -3.728362400000000965e-01
8.300000000000000711e-01 -8.624102640000002457e-03 -2.634657826666667035e-01
8.399999999999998579e-01 -6.586913040000000504e-03 -1.423347986666666787e-01
8.500000000000000888e-01 -5.777392720000000710e-03 -3.462566826666667319e-02
8.599999999999999867e-01 -5.894377360000000420e-03 4.021814213333334276e-02
8.699999999999999956e-01 -6.581766720000000771e-03 8.034674666666669074e-02
8.799999999999998934e-01 -7.501326240000000777e-03 1.034528866666666741e-01
8.900000000000001243e-01 -8.650796560000001759e-03 1.274021026666666834e-01
9.000000000000000222e-01 -1.004938224000000158e-02 1.542410680000000089e-01
9.100000000000000311e-01 -1.173561792000000006e-02 1.734065773333333671e-01
9.199999999999999289e-01 -1.351749984000000064e-02 1.717504106666666863e-01
9.300000000000001599e-01 -1.517064008000000054e-02 1.442915160000000363e-01
9.400000000000000577e-01 -1.640333016000000352e-02 9.981210933333335700e-02
9.500000000000000666e-01 -1.716686832000000051e-02 5.817252293333334545e-02
9.600000000000001865e-01 -1.756677503999999959e-02 2.858585506666666901e-02
9.699999999999999734e-01 -1.773861192000000114e-02 9.901087333333334281e-03
9.800000000000000933e-01 -1.776480376000000305e-02 -3.386557493333333928e-03
9.899999999999998801e-01 -1.767087296000000030e-02 -1.674401933333333897e-02
1.000000000000000000e+00 -1.742991640000000203e-02 -3.694255826666667519e-02
1.010000000000000009e+00 -1.693202040000000089e-02 -6.816858706666667489e-02
1.020000000000000018e+00 -1.606656000000000056e-02 -1.077658933333333624e-01
1.030000000000000027e+00 -1.477671648000000205e-02 -1.454239853333333665e-01
1.040000000000000036e+00 -1.315805240000000008e-02 -1.700991253333333508e-01
1.050000000000000044e+00 -1.137470608000000147e-02 -1.766031533333333736e-01
1.060000000000000053e+00 -9.626003280000001647e-03 -1.691458706666666978e-01
1.070000000000000062e+00 -7.991774720000000692e-03 -1.583051266666666845e-01
1.080000000000000071e+00 -6.459886800000000893e-03 -1.518603720000000212e-01
1.090000000000000080e+00 -4.954567280000000615e-03 -1.506888520000000398e-01
1.100000000000000089e+00 -3.446109760000000150e-03 -1.509259453333333389e-01
1.110000000000000098e+00 -1.936070688000000092e-03 -1.441666933333333733e-01
1.119999999999999885e+00 -5.627731040000000457e-04 -1.234342760000000094e-01
1.130000000000000115e+00 5.326064640000001274e-04 -9.192038800000000565e-02
1.139999999999999902e+00 1.275643024000000254e-03 -5.826443146666666906e-02
1.150000000000000133e+00 1.697896488000000389e-03 -2.859185213333333836e-02
1.159999999999999920e+00 1.847478671999999971e-03 7.907132400000001227e-02
1.169999999999999929e+00 1.164725184000000023e-04 9.183252400000001259e-02
1.179999999999999938e+00 1.082497031999999960e-05 5.725922546666668139e-03
1.190000000000000169e+00 1.954086991999999885e-06 5.412478186666668098e-04
1.200000000000000178e+00 0.000000000000000000e+00 1.954088386666667093e-04
